       13443608.      0.00000
       13441724.      0.00000
       13439841.      0.00000
       13437959.      1.00000
       13436077.      1.00000
       13434195.      1.00000
       13432314.      1.00000
       13430434.      1.00000
       13428554.      1.00000
       13426674.      1.00000
       13424795.      1.00000
       13422917.      1.00000
       13421039.      1.00000
       13419162.      1.00000
       13417285.      1.00000
       13415409.      1.00000
       13413533.      1.00000
       13411658.      1.00000
       13409783.      1.00000
       13407909.      1.00000
       13406035.      1.00000
       13404162.      1.00000
       13402289.      1.00000
       13400417.      1.00000
       13398546.      1.00000
       13396675.      1.00000
       13394804.      1.00000
       13392934.      1.00000
       13391065.      1.00000
       13389196.      1.00000
       13387327.      1.00000
       13385459.      1.00000
       13383592.      1.00000
       13381725.      1.00000
       13379859.      1.00000
       13377993.      1.00000
       13376128.      1.00000
       13374263.      1.00000
       13372398.      1.00000
       13370535.      1.00000
       13368671.      1.00000
       13366809.      1.00000
       13364947.      1.00000
       13363085.      1.00000
       13361224.      1.00000
       13359363.      1.00000
       13357503.      1.00000
       13355643.      1.00000
       13353784.      1.00000
       13351926.      1.00000
       13350068.      1.00000
       13348210.      1.00000
       13346353.      1.00000
       13344497.      1.00000
       13342641.      1.00000
       13340785.      1.00000
       13338930.      1.00000
       13337076.      1.00000
       13335222.      1.00000
       13333369.      1.00000
       13331516.      1.00000
       13329663.      1.00000
       13327811.      0.00000
       13325960.      0.00000
       13324109.      0.00000
       13322259.      0.00000
       13320409.      0.00000
       13318560.      1.00000
       13316711.      1.00000
       13314863.      1.00000
       13313015.      1.00000
       13311168.      1.00000
       13309321.      1.00000
       13307475.      1.00000
       13305629.      1.00000
       13303784.      1.00000
       13301939.      1.00000
       13300095.      1.00000
       13298252.      1.00000
       13296408.      1.00000
       13294566.      1.00000
       13292724.      1.00000
       13290882.      1.00000
       13289041.      1.00000
       13287200.      1.00000
       13285360.      1.00000
       13283521.      1.00000
       13281682.      1.00000
       13279843.      1.00000
       13278005.      1.00000
       13276168.      1.00000
       13274331.      1.00000
       13272494.      1.00000
       13270658.      1.00000
       13268822.      1.00000
       13266987.      1.00000
       13265153.      1.00000
       13263319.      1.00000
       13261486.      1.00000
       13259653.      1.00000
       13257820.      1.00000
       13255988.      1.00000
       13254157.      1.00000
       13252326.      1.00000
       13250495.      1.00000
       13248665.      1.00000
       13246836.      1.00000
       13245007.      1.00000
       13243179.      1.00000
       13241351.      1.00000
       13239523.      1.00000
       13237697.      1.00000
       13235870.      1.00000
       13234044.      1.00000
       13232219.      1.00000
       13230394.      1.00000
       13228570.      1.00000
       13226746.      1.00000
       13224922.      1.00000
       13223099.      1.00000
       13221277.      1.00000
       13219455.      1.00000
       13217634.      1.00000
       13215813.      1.00000
       13213993.      1.00000
       13212173.      1.00000
       13210353.      0.00000
       13208535.      0.00000
       13206716.      0.00000
       13204898.      0.00000
       13203081.      0.00000
       13201264.      0.00000
       13199448.      0.00000
       13197632.      0.00000
       13195817.      0.00000
       13194002.      0.00000
       13192187.      0.00000
       13190374.      0.00000
       13188560.      0.00000
       13186747.      0.00000
       13184935.      0.00000
       13183123.      0.00000
       13181312.      0.00000
       13179501.      0.00000
       13177690.      0.00000
       13175881.      0.00000
       13174071.      0.00000
       13172262.      0.00000
       13170454.      0.00000
       13168646.      0.00000
       13166839.      0.00000
       13165032.      0.00000
       13163225.      0.00000
       13161419.      0.00000
       13159614.      0.00000
       13157809.      0.00000
       13156005.      0.00000
       13154201.      0.00000
       13152397.      0.00000
       13150594.      0.00000
       13148792.      0.00000
       13146990.      0.00000
       13145189.      0.00000
       13143388.      0.00000
       13141587.      0.00000
       13139787.      0.00000
       13137988.      0.00000
       13136189.      0.00000
       13134390.      0.00000
       13132592.      0.00000
       13130795.      0.00000
       13128998.      0.00000
       13127201.      0.00000
       13125405.      0.00000
       13123610.      0.00000
       13121815.      0.00000
       13120020.      0.00000
       13118226.      0.00000
       13116432.      0.00000
       13114639.      0.00000
       13112847.      0.00000
       13111055.      0.00000
       13109263.      0.00000
       13107472.      0.00000
       13105681.      0.00000
       13103891.      0.00000
       13102101.      0.00000
       13100312.      0.00000
       13098524.      0.00000
       13096735.      0.00000
       13094948.      0.00000
       13093160.      0.00000
       13091374.      0.00000
       13089587.      0.00000
       13087802.      0.00000
       13086016.      0.00000
       13084232.      0.00000
       13082447.      0.00000
       13080664.      0.00000
       13078880.      0.00000
       13077097.      0.00000
       13075315.      0.00000
       13073533.      0.00000
       13071752.      0.00000
       13069971.      0.00000
       13068191.      0.00000
       13066411.      0.00000
       13064631.      0.00000
       13062852.      0.00000
       13061074.      0.00000
       13059296.      0.00000
       13057518.      0.00000
       13055741.      0.00000
       13053965.      0.00000
       13052189.      0.00000
       13050413.      0.00000
       13048638.      0.00000
       13046863.      0.00000
       13045089.      0.00000
       13043316.      0.00000
       13041542.      0.00000
       13039770.      0.00000
       13037998.      0.00000
       13036226.      0.00000
       13034455.      0.00000
       13032684.      0.00000
       13030914.      0.00000
       13029144.      0.00000
       13027375.      0.00000
       13025606.      0.00000
       13023837.      0.00000
       13022070.      0.00000
       13020302.      0.00000
       13018535.      0.00000
       13016769.      0.00000
       13015003.      0.00000
       13013237.      0.00000
       13011472.      0.00000
       13009708.      0.00000
       13007944.      0.00000
       13006180.      0.00000
       13004417.      0.00000
       13002655.      0.00000
       13000893.      0.00000
       12999131.      0.00000
       12997370.      0.00000
       12995609.      0.00000
       12993849.      0.00000
       12992089.      0.00000
       12990330.      0.00000
       12988571.      0.00000
       12986813.      0.00000
       12985055.      0.00000
       12983298.      0.00000
       12981541.      0.00000
       12979784.      0.00000
       12978028.      0.00000
       12976273.      0.00000
       12974518.      0.00000
       12972764.      0.00000
       12971010.      0.00000
       12969256.      0.00000
       12967503.      0.00000
       12965750.      0.00000
       12963998.      0.00000
       12962247.      0.00000
       12960495.      0.00000
       12958745.      0.00000
       12956994.      0.00000
       12955245.      0.00000
       12953495.      0.00000
       12951747.      0.00000
       12949998.      0.00000
       12948250.      0.00000
       12946503.      0.00000
       12944756.      0.00000
       12943010.      0.00000
       12941264.      0.00000
       12939518.      0.00000
       12937773.      0.00000
       12936028.      0.00000
       12934284.      0.00000
       12932541.      0.00000
       12930797.      0.00000
       12929055.      0.00000
       12927313.      0.00000
       12925571.      0.00000
       12923830.      0.00000
       12922089.      0.00000
       12920348.      0.00000
       12918608.      0.00000
       12916869.      0.00000
       12915130.      0.00000
       12913392.      0.00000
       12911654.      0.00000
       12909916.      0.00000
       12908179.      0.00000
       12906442.      0.00000
       12904706.      0.00000
       12902971.      0.00000
       12901235.      0.00000
       12899501.      0.00000
       12897766.      0.00000
       12896033.      0.00000
       12894299.      0.00000
       12892566.      0.00000
       12890834.      0.00000
       12889102.      0.00000
       12887371.      0.00000
       12885640.      0.00000
       12883909.      0.00000
       12882179.      0.00000
       12880449.      0.00000
       12878720.      0.00000
       12876991.      0.00000
       12875263.      0.00000
       12873536.      0.00000
       12871808.      0.00000
       12870081.      0.00000
       12868355.      0.00000
       12866629.      0.00000
       12864904.      0.00000
       12863179.      0.00000
       12861454.      0.00000
       12859730.      0.00000
       12858007.      0.00000
       12856283.      0.00000
       12854561.      0.00000
       12852838.      0.00000
       12851117.      0.00000
       12849395.      0.00000
       12847675.      0.00000
       12845954.      0.00000
       12844234.      0.00000
       12842515.      0.00000
       12840796.      0.00000
       12839077.      0.00000
       12837359.      0.00000
       12835642.      0.00000
       12833925.      0.00000
       12832208.      0.00000
       12830492.      0.00000
       12828776.      0.00000
       12827061.      0.00000
       12825346.      0.00000
       12823631.      0.00000
       12821917.      0.00000
       12820204.      0.00000
       12818491.      0.00000
       12816778.      0.00000
       12815066.      0.00000
       12813355.      0.00000
       12811644.      0.00000
       12809933.      0.00000
       12808223.      0.00000
       12806513.      0.00000
       12804803.      0.00000
       12803094.      0.00000
       12801386.      0.00000
       12799678.      0.00000
       12797970.      0.00000
       12796263.      0.00000
       12794557.      0.00000
       12792851.      0.00000
       12791145.      0.00000
       12789440.      0.00000
       12787735.      0.00000
       12786030.      0.00000
       12784327.      0.00000
       12782623.      0.00000
       12780920.      0.00000
       12779218.      0.00000
       12777516.      0.00000
       12775814.      0.00000
       12774113.      0.00000
       12772412.      0.00000
       12770712.      0.00000
       12769012.      0.00000
       12767313.      0.00000
       12765614.      0.00000
       12763915.      0.00000
       12762217.      0.00000
       12760520.      0.00000
       12758823.      0.00000
       12757126.      0.00000
       12755430.      0.00000
       12753734.      0.00000
       12752039.      0.00000
       12750344.      0.00000
       12748649.      0.00000
       12746955.      0.00000
       12745262.      0.00000
       12743569.      0.00000
       12741876.      0.00000
       12740184.      0.00000
       12738492.      0.00000
       12736801.      0.00000
       12735110.      0.00000
       12733420.      0.00000
       12731730.      0.00000
       12730041.      0.00000
       12728352.      0.00000
       12726663.      0.00000
       12724975.      0.00000
       12723287.      0.00000
       12721600.      0.00000
       12719913.      0.00000
       12718227.      0.00000
       12716541.      0.00000
       12714856.      0.00000
       12713171.      0.00000
       12711486.      0.00000
       12709802.      0.00000
       12708119.      0.00000
       12706435.      0.00000
       12704753.      0.00000
       12703070.      0.00000
       12701388.      0.00000
       12699707.      0.00000
       12698026.      0.00000
       12696345.      0.00000
       12694665.      0.00000
       12692986.      0.00000
       12691307.      0.00000
       12689628.      0.00000
       12687950.      0.00000
       12686272.      0.00000
       12684594.      0.00000
       12682917.      0.00000
       12681241.      0.00000
       12679565.      0.00000
       12677889.      0.00000
       12676214.      0.00000
       12674539.      0.00000
       12672865.      0.00000
       12671191.      0.00000
       12669518.      0.00000
       12667845.      0.00000
       12666172.      0.00000
       12664500.      0.00000
       12662828.      0.00000
       12661157.      0.00000
       12659486.      0.00000
       12657816.      0.00000
       12656146.      0.00000
       12654477.      0.00000
       12652808.      0.00000
       12651139.      0.00000
       12649471.      0.00000
       12647803.      0.00000
       12646136.      0.00000
       12644469.      0.00000
       12642803.      0.00000
       12641137.      0.00000
       12639471.      0.00000
       12637806.      0.00000
       12636142.      0.00000
       12634477.      0.00000
       12632814.      0.00000
       12631150.      0.00000
       12629487.      0.00000
       12627825.      0.00000
       12626163.      0.00000
       12624501.      0.00000
       12622840.      0.00000
       12621180.      0.00000
       12619519.      0.00000
       12617860.      0.00000
       12616200.      0.00000
       12614541.      0.00000
       12612883.      0.00000
       12611225.      0.00000
       12609567.      0.00000
       12607910.      0.00000
       12606253.      0.00000
       12604597.      0.00000
       12602941.      0.00000
       12601286.      0.00000
       12599630.      0.00000
       12597976.      0.00000
       12596322.      0.00000
       12594668.      0.00000
       12593015.      0.00000
       12591362.      0.00000
       12589710.      0.00000
       12588058.      0.00000
       12586406.      0.00000
       12584755.      0.00000
       12583104.      0.00000
       12581454.      0.00000
       12579804.      0.00000
       12578155.      0.00000
       12576506.      0.00000
       12574857.      0.00000
       12573209.      0.00000
       12571562.      0.00000
       12569914.      0.00000
       12568268.      0.00000
       12566621.      0.00000
       12564975.      0.00000
       12563330.      0.00000
       12561685.      0.00000
       12560040.      0.00000
       12558396.      0.00000
       12556752.      0.00000
       12555109.      0.00000
       12553466.      0.00000
       12551823.      0.00000
       12550181.      0.00000
       12548540.      0.00000
       12546899.      0.00000
       12545258.      0.00000
       12543617.      0.00000
       12541978.      0.00000
       12540338.      0.00000
       12538699.      1.00000
       12537060.      1.00000
       12535422.      1.00000
       12533784.      1.00000
       12532147.      1.00000
       12530510.      1.00000
       12528874.      1.00000
       12527238.      1.00000
       12525602.      1.00000
       12523967.      1.00000
       12522332.      1.00000
       12520698.      1.00000
       12519064.      1.00000
       12517430.      1.00000
       12515797.      1.00000
       12514165.      1.00000
       12512532.      1.00000
       12510901.      1.00000
       12509269.      1.00000
       12507638.      1.00000
       12506008.      1.00000
       12504378.      1.00000
       12502748.      1.00000
       12501119.      1.00000
       12499490.      1.00000
       12497862.      1.00000
       12496234.      1.00000
       12494606.      1.00000
       12492979.      1.00000
       12491352.      1.00000
       12489726.      1.00000
       12488100.      1.00000
       12486475.      1.00000
       12484850.      1.00000
       12483225.      1.00000
       12481601.      1.00000
       12479977.      1.00000
       12478354.      1.00000
       12476731.      1.00000
       12475109.      1.00000
       12473487.      1.00000
       12471865.      1.00000
       12470244.      1.00000
       12468623.      1.00000
       12467003.      1.00000
       12465383.      1.00000
       12463763.      1.00000
       12462144.      1.00000
       12460526.      1.00000
       12458907.      1.00000
       12457290.      1.00000
       12455672.      1.00000
       12454055.      1.00000
       12452439.      1.00000
       12450822.      1.00000
       12449207.      1.00000
       12447591.      1.00000
       12445976.      1.00000
       12444362.      1.00000
       12442748.      0.00000
       12441134.      0.00000
       12439521.      0.00000
       12437908.      0.00000
       12436296.      0.00000
       12434684.      1.00000
       12433072.      1.00000
       12431461.      1.00000
       12429851.      1.00000
       12428240.      1.00000
       12426630.      1.00000
       12425021.      1.00000
       12423412.      1.00000
       12421803.      1.00000
       12420195.      1.00000
       12418587.      1.00000
       12416980.      1.00000
       12415373.      1.00000
       12413766.      1.00000
       12412160.      1.00000
       12410555.      1.00000
       12408949.      1.00000
       12407344.      1.00000
       12405740.      1.00000
       12404136.      1.00000
       12402532.      1.00000
       12400929.      1.00000
       12399326.      1.00000
       12397724.      1.00000
       12396122.      1.00000
       12394520.      1.00000
       12392919.      1.00000
       12391318.      1.00000
       12389718.      1.00000
       12388118.      1.00000
       12386519.      1.00000
       12384920.      1.00000
       12383321.      1.00000
       12381723.      1.00000
       12380125.      1.00000
       12378527.      1.00000
       12376930.      1.00000
       12375334.      1.00000
       12373737.      1.00000
       12372142.      1.00000
       12370546.      1.00000
       12368951.      1.00000
       12367357.      1.00000
       12365763.      1.00000
       12364169.      1.00000
       12362576.      1.00000
       12360983.      1.00000
       12359390.      1.00000
       12357798.      1.00000
       12356206.      1.00000
       12354615.      1.00000
       12353024.      1.00000
       12351434.      1.00000
       12349844.      1.00000
       12348254.      1.00000
       12346665.      1.00000
       12345076.      1.00000
       12343488.      1.00000
       12341900.      1.00000
       12340312.      0.00000
       12338725.      0.00000
       12337138.      0.00000
