\         Composition, T_real,      z, nbands,     M_fit,   dM_fit+,   dM_fit-,  T_fit, dT_fit+, dT_fit-, beta_fit, dbeta_fit+, dbeta_fit-
E30R-70.0+BE-30.0-red,  100.0,   0.00,      7, 6.821e+08, 2.900e+08, 2.382e+08, 117.66,   65.27,   36.78,     1.35,       0.16,       0.12
E30R-70.0+BE-30.0-red,  100.0,   1.00,      7, 6.614e+08, 4.128e+08, 2.757e+08, 113.30,   79.69,   43.24,     1.43,       0.19,       0.13
E30R-70.0+BE-30.0-red,  100.0,   2.00,      7, 6.009e+08, 3.077e+08, 2.394e+08, 124.08,   84.10,   44.15,     1.39,       0.19,       0.14
E30R-70.0+BE-30.0-red,  100.0,   3.00,      7, 5.915e+08, 4.388e+08, 2.722e+08, 116.96,   94.12,   49.53,     1.47,       0.21,       0.14
E30R-70.0+BE-30.0-red,  100.0,   4.00,      7, 8.192e+08, 2.935e+08, 3.044e+08,  78.61,   53.35,   21.97,     1.62,       0.23,       0.23
E30R-70.0+BE-30.0-red,  100.0,   5.00,      6, 9.405e+08, 6.195e+08, 3.750e+08,  63.01,   39.61,   22.63,     1.82,       0.35,       0.24
E30R-70.0+BE-30.0-red,  100.0,   6.00,      6, 1.072e+09, 5.185e+08, 4.717e+08,  53.61,   44.72,   15.51,     1.91,       0.37,       0.34
E30R-70.0+BE-30.0-red,  100.0,   7.00,      5, 1.120e+09, 7.945e+08, 5.071e+08,  50.36,   34.55,   15.54,     2.02,       0.37,       0.35
E30R-70.0+BE-30.0-red,   20.0,   0.00,      7, 4.737e+08, 3.747e+07, 3.435e+07,  19.03,    1.09,    0.99,     1.82,       0.17,       0.16
E30R-70.0+BE-30.0-red,   20.0,   1.00,      6, 3.439e+08, 1.323e+08, 1.226e+08,  24.49,   12.15,    5.84,     1.43,       0.46,       0.43
E30R-70.0+BE-30.0-red,   20.0,   2.00,      7, 4.558e+08, 5.592e+07, 5.427e+07,  19.38,    2.03,    1.79,     1.78,       0.27,       0.24
E30R-70.0+BE-30.0-red,   20.0,   3.00,      7, 4.698e+08, 8.791e+07, 6.670e+07,  18.12,    1.56,    1.46,     2.00,       0.21,       0.21
E30R-70.0+BE-30.0-red,   20.0,   4.00,      6, 4.298e+08, 3.186e+08, 1.590e+08,  18.85,    4.01,    2.54,     1.96,       0.27,       0.30
E30R-70.0+BE-30.0-red,   20.0,   5.00,      6, 3.896e+08, 3.054e+08, 1.641e+08,  19.75,    3.42,    1.62,     1.85,       0.18,       0.26
E30R-70.0+BE-30.0-red,   20.0,   6.00,      6, 1.522e+08, 1.351e+08, 6.401e+07,  21.66,    2.48,    1.31,     1.63,       0.14,       0.19
E30R-70.0+BE-30.0-red,   25.0,   0.00,      7, 4.880e+08, 3.972e+07, 3.761e+07,  23.48,    1.74,    1.49,     1.81,       0.16,       0.16
E30R-70.0+BE-30.0-red,   25.0,   1.00,      6, 2.521e+08, 2.059e+08, 1.347e+08,  41.37,   43.34,   17.31,     1.27,       0.53,       0.38
E30R-70.0+BE-30.0-red,   25.0,   2.00,      7, 4.544e+08, 6.035e+07, 5.973e+07,  24.44,    3.61,    2.84,     1.75,       0.28,       0.26
E30R-70.0+BE-30.0-red,   25.0,   3.00,      7, 4.625e+08, 7.344e+07, 6.166e+07,  22.41,    2.32,    2.00,     1.96,       0.21,       0.20
E30R-70.0+BE-30.0-red,   25.0,   4.00,      6, 4.297e+08, 2.486e+08, 1.377e+08,  22.95,    5.67,    4.11,     1.99,       0.31,       0.30
E30R-70.0+BE-30.0-red,   25.0,   5.00,      6, 5.269e+08, 3.849e+08, 1.976e+08,  21.65,    4.45,    2.67,     2.07,       0.25,       0.31
E30R-70.0+BE-30.0-red,   25.0,   6.00,      6, 4.980e+08, 3.353e+08, 1.911e+08,  23.29,    3.75,    1.93,     1.90,       0.19,       0.26
E30R-70.0+BE-30.0-red,   25.0,   7.00,      5, 3.040e+08, 4.511e+08, 1.405e+08,  25.94,    5.16,    2.67,     1.74,       0.20,       0.26
E30R-70.0+BE-30.0-red,   30.0,   0.00,      7, 5.128e+08, 4.829e+07, 4.426e+07,  28.19,    2.57,    2.13,     1.76,       0.16,       0.16
E30R-70.0+BE-30.0-red,   30.0,   1.00,      7, 4.231e+08, 1.072e+08, 9.260e+07,  32.89,    8.68,    6.46,     1.59,       0.30,       0.26
E30R-70.0+BE-30.0-red,   30.0,   2.00,      7, 4.580e+08, 7.705e+07, 7.652e+07,  29.97,    6.81,    4.28,     1.69,       0.28,       0.28
E30R-70.0+BE-30.0-red,   30.0,   3.00,      7, 4.840e+08, 8.063e+07, 6.983e+07,  26.40,    3.43,    2.69,     1.93,       0.21,       0.19
E30R-70.0+BE-30.0-red,   30.0,   4.00,      6, 3.862e+08, 2.229e+08, 1.405e+08,  29.68,   11.93,    7.17,     1.86,       0.36,       0.31
E30R-70.0+BE-30.0-red,   30.0,   5.00,      6, 5.191e+08, 3.035e+08, 1.744e+08,  24.83,    6.68,    3.95,     2.08,       0.32,       0.32
E30R-70.0+BE-30.0-red,   30.0,   6.00,      6, 5.677e+08, 3.608e+08, 1.950e+08,  25.37,    4.63,    3.02,     2.03,       0.23,       0.27
E30R-70.0+BE-30.0-red,   30.0,   7.00,      5, 4.598e+08, 3.242e+08, 1.824e+08,  28.33,    6.20,    3.18,     1.87,       0.20,       0.29
E30R-70.0+BE-30.0-red,   35.0,   0.00,      7, 5.315e+08, 5.389e+07, 5.030e+07,  33.09,    3.58,    3.06,     1.71,       0.17,       0.15
E30R-70.0+BE-30.0-red,   35.0,   1.00,      7, 4.387e+08, 1.183e+08, 1.093e+08,  38.63,   13.12,    8.16,     1.57,       0.30,       0.26
E30R-70.0+BE-30.0-red,   35.0,   2.00,      7, 4.754e+08, 8.884e+07, 8.961e+07,  35.08,    8.98,    5.71,     1.67,       0.26,       0.27
E30R-70.0+BE-30.0-red,   35.0,   3.00,      7, 5.007e+08, 8.756e+07, 8.137e+07,  31.11,    5.00,    3.92,     1.87,       0.21,       0.20
E30R-70.0+BE-30.0-red,   35.0,   4.00,      6, 4.166e+08, 2.372e+08, 1.629e+08,  33.70,   16.47,    8.96,     1.87,       0.33,       0.32
E30R-70.0+BE-30.0-red,   35.0,   5.00,      6, 5.328e+08, 3.351e+08, 1.809e+08,  27.98,    9.22,    5.85,     2.09,       0.37,       0.35
E30R-70.0+BE-30.0-red,   35.0,   6.00,      6, 6.142e+08, 3.697e+08, 1.914e+08,  27.17,    6.47,    3.69,     2.10,       0.27,       0.31
E30R-70.0+BE-30.0-red,   35.0,   7.00,      5, 4.924e+08, 3.901e+08, 1.664e+08,  31.19,    7.81,    4.72,     1.93,       0.23,       0.30
E30R-70.0+BE-30.0-red,   40.0,   0.00,      7, 5.592e+08, 6.313e+07, 6.424e+07,  38.01,    5.19,    4.13,     1.66,       0.17,       0.16
E30R-70.0+BE-30.0-red,   40.0,   1.00,      7, 3.508e+08, 1.517e+08, 1.619e+08,  58.57,   49.64,   18.18,     1.34,       0.31,       0.28
E30R-70.0+BE-30.0-red,   40.0,   2.00,      7, 4.236e+08, 1.478e+08, 1.561e+08,  47.04,   29.27,   12.85,     1.52,       0.33,       0.30
E30R-70.0+BE-30.0-red,   40.0,   3.00,      7, 5.084e+08, 1.011e+08, 9.817e+07,  36.27,    8.15,    5.40,     1.81,       0.21,       0.22
E30R-70.0+BE-30.0-red,   40.0,   4.00,      6, 3.940e+08, 2.525e+08, 1.773e+08,  41.75,   27.65,   12.88,     1.78,       0.34,       0.30
E30R-70.0+BE-30.0-red,   40.0,   5.00,      6, 5.495e+08, 2.531e+08, 1.837e+08,  31.31,   11.21,    6.17,     2.05,       0.32,       0.32
E30R-70.0+BE-30.0-red,   40.0,   6.00,      6, 6.255e+08, 3.117e+08, 1.730e+08,  29.58,    7.00,    4.57,     2.13,       0.27,       0.30
E30R-70.0+BE-30.0-red,   40.0,   7.00,      5, 5.967e+08, 7.409e+08, 2.217e+08,  31.92,    9.29,    6.61,     2.04,       0.30,       0.31
E30R-70.0+BE-30.0-red,   45.0,   0.00,      7, 5.683e+08, 7.519e+07, 7.482e+07,  43.36,    6.95,    5.17,     1.63,       0.16,       0.15
E30R-70.0+BE-30.0-red,   45.0,   1.00,      7, 3.390e+08, 2.015e+08, 1.784e+08,  71.23,   74.88,   27.63,     1.31,       0.35,       0.24
E30R-70.0+BE-30.0-red,   45.0,   2.00,      7, 4.491e+08, 1.516e+08, 1.539e+08,  52.60,   29.30,   14.40,     1.51,       0.31,       0.27
E30R-70.0+BE-30.0-red,   45.0,   3.00,      7, 5.435e+08, 1.304e+08, 1.154e+08,  39.39,    9.81,    6.65,     1.81,       0.22,       0.21
E30R-70.0+BE-30.0-red,   45.0,   4.00,      6, 4.554e+08, 3.206e+08, 2.027e+08,  42.36,   29.16,   13.79,     1.83,       0.37,       0.31
E30R-70.0+BE-30.0-red,   45.0,   5.00,      6, 6.039e+08, 3.125e+08, 2.133e+08,  32.80,   13.79,    7.31,     2.09,       0.34,       0.34
E30R-70.0+BE-30.0-red,   45.0,   6.00,      6, 6.564e+08, 4.502e+08, 1.957e+08,  31.54,    9.28,    6.64,     2.15,       0.40,       0.35
E30R-70.0+BE-30.0-red,   45.0,   7.00,      5, 6.521e+08, 5.030e+08, 2.431e+08,  33.20,   11.07,    6.11,     2.08,       0.28,       0.34
E30R-70.0+BE-30.0-red,   50.0,   0.00,      7, 5.897e+08, 8.525e+07, 9.207e+07,  49.09,    9.43,    6.60,     1.58,       0.16,       0.15
E30R-70.0+BE-30.0-red,   50.0,   1.00,      7, 4.173e+08, 1.972e+08, 1.681e+08,  65.36,   45.12,   21.47,     1.45,       0.30,       0.23
E30R-70.0+BE-30.0-red,   50.0,   2.00,      7, 4.446e+08, 1.789e+08, 1.832e+08,  62.69,   44.15,   19.06,     1.44,       0.29,       0.25
E30R-70.0+BE-30.0-red,   50.0,   3.00,      7, 4.634e+08, 2.690e+08, 1.879e+08,  50.95,   31.87,   15.64,     1.71,       0.26,       0.24
E30R-70.0+BE-30.0-red,   50.0,   4.00,      6, 5.041e+08, 3.719e+08, 2.093e+08,  44.47,   28.20,   15.59,     1.83,       0.39,       0.28
E30R-70.0+BE-30.0-red,   50.0,   5.00,      6, 5.897e+08, 2.681e+08, 1.914e+08,  37.87,   14.43,    9.10,     2.00,       0.34,       0.28
E30R-70.0+BE-30.0-red,   50.0,   6.00,      6, 6.758e+08, 3.523e+08, 2.221e+08,  34.41,   12.66,    6.99,     2.11,       0.32,       0.36
E30R-70.0+BE-30.0-red,   50.0,   7.00,      5, 9.275e+08, 1.369e+09, 4.341e+08,  30.45,   11.47,    5.76,     2.28,       0.26,       0.39
E30R-70.0+BE-30.0-red,   60.0,   0.00,      7, 6.082e+08, 1.060e+08, 1.240e+08,  61.20,   17.36,   10.18,     1.51,       0.16,       0.16
E30R-70.0+BE-30.0-red,   60.0,   1.00,      7, 4.373e+08, 2.156e+08, 2.291e+08,  80.49,   88.17,   26.40,     1.43,       0.24,       0.21
E30R-70.0+BE-30.0-red,   60.0,   2.00,      7, 4.357e+08, 2.414e+08, 2.086e+08,  83.11,   78.83,   31.20,     1.39,       0.30,       0.21
E30R-70.0+BE-30.0-red,   60.0,   3.00,      7, 4.761e+08, 2.799e+08, 2.155e+08,  65.68,   51.32,   22.51,     1.61,       0.25,       0.21
E30R-70.0+BE-30.0-red,   60.0,   4.00,      7, 6.114e+08, 2.173e+08, 1.842e+08,  48.87,   20.34,   11.54,     1.82,       0.24,       0.25
E30R-70.0+BE-30.0-red,   60.0,   5.00,      6, 5.949e+08, 3.763e+08, 2.747e+08,  47.74,   37.27,   16.13,     1.87,       0.45,       0.32
E30R-70.0+BE-30.0-red,   60.0,   6.00,      6, 6.869e+08, 3.786e+08, 2.341e+08,  40.82,   19.86,   11.04,     2.03,       0.41,       0.36
E30R-70.0+BE-30.0-red,   60.0,   7.00,      5, 7.624e+08, 8.464e+08, 3.029e+08,  37.74,   19.35,    9.71,     2.14,       0.34,       0.40
E30R-70.0+BE-30.0-red,   80.0,   0.00,      7, 6.224e+08, 2.022e+08, 2.027e+08,  92.18,   47.59,   23.07,     1.40,       0.15,       0.15
E30R-70.0+BE-30.0-red,   80.0,   1.00,      7, 4.799e+08, 3.247e+08, 2.010e+08, 113.07,   82.07,   48.31,     1.39,       0.26,       0.15
E30R-70.0+BE-30.0-red,   80.0,   2.00,      7, 4.509e+08, 2.963e+08, 2.095e+08, 119.36,  108.96,   49.27,     1.36,       0.24,       0.15
E30R-70.0+BE-30.0-red,   80.0,   3.00,      7, 5.142e+08, 3.439e+08, 2.542e+08,  94.81,   87.14,   38.02,     1.51,       0.25,       0.17
E30R-70.0+BE-30.0-red,   80.0,   4.00,      7, 7.406e+08, 2.201e+08, 2.053e+08,  61.35,   25.57,   14.01,     1.74,       0.22,       0.21
E30R-70.0+BE-30.0-red,   80.0,   5.00,      6, 7.237e+08, 4.110e+08, 2.940e+08,  58.42,   38.96,   19.95,     1.82,       0.36,       0.26
E30R-70.0+BE-30.0-red,   80.0,   6.00,      6, 8.743e+08, 3.933e+08, 2.758e+08,  45.89,   23.64,   11.79,     2.03,       0.34,       0.34
E30R-70.0+BE-30.0-red,   80.0,   7.00,      5, 1.020e+09, 9.416e+08, 3.935e+08,  41.76,   20.80,   11.72,     2.12,       0.36,       0.35
