# Two-band fit (min. chi^2) for beta = 1.50000, 1.75000, 2.00000
# Bands used: ALMA_6 ALMA_3
#     z| beta| Treal| wl_rest_1| wl_rest_2|   Tfit|     Mfit|    dMfit|

    5.00  1.50   20.0     214.44     512.47   29.28  1.31E+08  1.15E+07
    5.00  1.50   25.0     214.44     512.47   40.39  1.68E+08  1.46E+07
    5.00  1.50   30.0     214.44     512.47   52.75  1.80E+08  1.60E+07
    5.00  1.50   35.0     214.44     512.47   65.58  1.88E+08  1.63E+07
    5.00  1.50   40.0     214.44     512.47   76.86  2.01E+08  1.78E+07
    5.00  1.50   45.0     214.44     512.47   90.04  2.07E+08  1.82E+07
    5.00  1.50   50.0     214.44     512.47   96.89  2.30E+08  2.03E+07
    5.00  1.50   60.0     214.44     512.47  111.52  2.68E+08  2.37E+07
    5.00  1.50   80.0     214.44     512.47  108.68  4.54E+08  4.02E+07
    5.00  1.50  100.0     214.44     512.47   93.95  7.90E+08  6.98E+07

    5.00  1.75   20.0     214.44     512.47   21.40  3.10E+08  2.72E+07
    5.00  1.75   25.0     214.44     512.47   26.97  3.51E+08  3.06E+07
    5.00  1.75   30.0     214.44     512.47   31.89  3.89E+08  3.47E+07
    5.00  1.75   35.0     214.44     512.47   36.00  4.35E+08  3.78E+07
    5.00  1.75   40.0     214.44     512.47   38.98  4.98E+08  4.41E+07
    5.00  1.75   45.0     214.44     512.47   41.90  5.52E+08  4.87E+07
    5.00  1.75   50.0     214.44     512.47   43.22  6.39E+08  5.64E+07
    5.00  1.75   60.0     214.44     512.47   45.70  8.05E+08  7.11E+07
    5.00  1.75   80.0     214.44     512.47   45.25  1.34E+09  1.19E+08
    5.00  1.75  100.0     214.44     512.47   42.67  2.16E+09  1.91E+08

    5.00  2.00   20.0     214.44     512.47   16.53  8.08E+09  7.08E+08
    5.00  2.00   25.0     214.44     512.47   20.06  9.29E+08  8.10E+07
    5.00  2.00   30.0     214.44     512.47   22.83  8.62E+08  7.68E+07
    5.00  2.00   35.0     214.44     512.47   24.92  9.21E+08  8.01E+07
    5.00  2.00   40.0     214.44     512.47   26.33  1.04E+09  9.23E+07
    5.00  2.00   45.0     214.44     512.47   27.64  1.15E+09  1.02E+08
    5.00  2.00   50.0     214.44     512.47   28.21  1.34E+09  1.18E+08
    5.00  2.00   60.0     214.44     512.47   29.23  1.69E+09  1.50E+08
    5.00  2.00   80.0     214.44     512.47   29.05  2.82E+09  2.50E+08
    5.00  2.00  100.0     214.44     512.47   27.97  4.51E+09  3.99E+08


    6.00  1.50   20.0     183.81     439.26   27.73  5.18E+07  4.52E+06
    6.00  1.50   25.0     183.81     439.26   37.01  1.61E+08  1.39E+07
    6.00  1.50   30.0     183.81     439.26   46.97  1.95E+08  1.72E+07
    6.00  1.50   35.0     183.81     439.26   56.55  2.19E+08  1.91E+07
    6.00  1.50   40.0     183.81     439.26   66.57  2.34E+08  2.05E+07
    6.00  1.50   45.0     183.81     439.26   77.57  2.42E+08  2.12E+07
    6.00  1.50   50.0     183.81     439.26   85.10  2.63E+08  2.32E+07
    6.00  1.50   60.0     183.81     439.26  101.03  2.96E+08  2.59E+07
    6.00  1.50   80.0     183.81     439.26  109.94  4.41E+08  3.84E+07
    6.00  1.50  100.0     183.81     439.26  102.25  7.04E+08  6.12E+07

    6.00  1.75   20.0     183.81     439.26   21.10  1.97E+08  1.72E+07
    6.00  1.75   25.0     183.81     439.26   26.52  3.44E+08  2.97E+07
    6.00  1.75   30.0     183.81     439.26   31.39  3.94E+08  3.46E+07
    6.00  1.75   35.0     183.81     439.26   35.36  4.48E+08  3.91E+07
    6.00  1.75   40.0     183.81     439.26   38.93  4.98E+08  4.35E+07
    6.00  1.75   45.0     183.81     439.26   42.30  5.42E+08  4.76E+07
    6.00  1.75   50.0     183.81     439.26   44.33  6.13E+08  5.39E+07
    6.00  1.75   60.0     183.81     439.26   48.05  7.44E+08  6.53E+07
    6.00  1.75   80.0     183.81     439.26   49.84  1.16E+09  1.01E+08
    6.00  1.75  100.0     183.81     439.26   48.31  1.78E+09  1.55E+08

    6.00  2.00   25.0     183.81     439.26   20.33  1.83E+09  1.58E+08
    6.00  2.00   30.0     183.81     439.26   23.37  1.01E+09  8.83E+07
    6.00  2.00   35.0     183.81     439.26   25.64  9.89E+08  8.63E+07
    6.00  2.00   40.0     183.81     439.26   27.54  1.04E+09  9.08E+07
    6.00  2.00   45.0     183.81     439.26   29.22  1.10E+09  9.69E+07
    6.00  2.00   50.0     183.81     439.26   30.19  1.24E+09  1.09E+08
    6.00  2.00   60.0     183.81     439.26   31.88  1.50E+09  1.31E+08
    6.00  2.00   80.0     183.81     439.26   32.66  2.33E+09  2.03E+08
    6.00  2.00  100.0     183.81     439.26   31.99  3.59E+09  3.12E+08


    7.00  1.50   25.0     160.83     384.35   33.69  1.38E+08  1.20E+07
    7.00  1.50   30.0     160.83     384.35   41.49  2.17E+08  1.88E+07
    7.00  1.50   35.0     160.83     384.35   49.79  2.53E+08  2.20E+07
    7.00  1.50   40.0     160.83     384.35   57.71  2.79E+08  2.43E+07
    7.00  1.50   45.0     160.83     384.35   65.92  2.96E+08  2.58E+07
    7.00  1.50   50.0     160.83     384.35   73.83  3.12E+08  2.69E+07
    7.00  1.50   60.0     160.83     384.35   86.51  3.57E+08  3.08E+07
    7.00  1.50   80.0     160.83     384.35  102.15  4.76E+08  4.17E+07
    7.00  1.50  100.0     160.83     384.35  104.32  6.76E+08  5.92E+07

    7.00  1.75   25.0     160.83     384.35   25.38  3.94E+08  3.43E+07
    7.00  1.75   30.0     160.83     384.35   29.88  4.56E+08  3.94E+07
    7.00  1.75   35.0     160.83     384.35   34.08  4.95E+08  4.31E+07
    7.00  1.75   40.0     160.83     384.35   37.63  5.44E+08  4.74E+07
    7.00  1.75   45.0     160.83     384.35   40.91  5.88E+08  5.13E+07
    7.00  1.75   50.0     160.83     384.35   43.74  6.37E+08  5.48E+07
    7.00  1.75   60.0     160.83     384.35   47.73  7.66E+08  6.61E+07
    7.00  1.75   80.0     160.83     384.35   51.89  1.09E+09  9.59E+07
    7.00  1.75  100.0     160.83     384.35   52.41  1.57E+09  1.37E+08

    7.00  2.00   30.0     160.83     384.35   22.95  2.78E+09  2.40E+08
    7.00  2.00   35.0     160.83     384.35   25.62  1.37E+09  1.19E+08
    7.00  2.00   40.0     160.83     384.35   27.73  1.25E+09  1.09E+08
    7.00  2.00   45.0     160.83     384.35   29.57  1.24E+09  1.09E+08
    7.00  2.00   50.0     160.83     384.35   31.08  1.29E+09  1.11E+08
    7.00  2.00   60.0     160.83     384.35   33.10  1.51E+09  1.30E+08
    7.00  2.00   80.0     160.83     384.35   35.07  2.13E+09  1.87E+08
    7.00  2.00  100.0     160.83     384.35   35.31  3.05E+09  2.67E+08


