# Two-band fit (min. chi^2) for beta = 1.50000, 1.75000, 2.00000
# Bands used: ALMA_7 ALMA_3
#     z| beta| Treal| wl_rest_1| wl_rest_2|   Tfit|     Mfit|    dMfit|

    5.00  1.50   20.0     145.46     512.47   24.44  2.15E+08  1.90E+07
    5.00  1.50   25.0     145.46     512.47   31.66  2.71E+08  2.37E+07
    5.00  1.50   30.0     145.46     512.47   39.17  2.94E+08  2.60E+07
    5.00  1.50   35.0     145.46     512.47   46.93  3.10E+08  2.74E+07
    5.00  1.50   40.0     145.46     512.47   54.21  3.29E+08  2.91E+07
    5.00  1.50   45.0     145.46     512.47   61.49  3.45E+08  3.03E+07
    5.00  1.50   50.0     145.46     512.47   68.27  3.64E+08  3.20E+07
    5.00  1.50   60.0     145.46     512.47   80.78  4.02E+08  3.56E+07
    5.00  1.50   80.0     145.46     512.47   94.48  5.39E+08  4.85E+07
    5.00  1.50  100.0     145.46     512.47   96.56  7.64E+08  6.76E+07

    5.00  1.75   20.0     145.46     512.47   20.26  4.05E+08  3.58E+07
    5.00  1.75   25.0     145.46     512.47   25.28  4.22E+08  3.68E+07
    5.00  1.75   30.0     145.46     512.47   29.91  4.50E+08  3.98E+07
    5.00  1.75   35.0     145.46     512.47   34.16  4.83E+08  4.27E+07
    5.00  1.75   40.0     145.46     512.47   37.72  5.29E+08  4.68E+07
    5.00  1.75   45.0     145.46     512.47   40.94  5.75E+08  5.06E+07
    5.00  1.75   50.0     145.46     512.47   43.67  6.28E+08  5.52E+07
    5.00  1.75   60.0     145.46     512.47   48.12  7.40E+08  6.57E+07
    5.00  1.75   80.0     145.46     512.47   52.29  1.07E+09  9.60E+07
    5.00  1.75  100.0     145.46     512.47   52.87  1.53E+09  1.35E+08

    5.00  2.00   20.0     145.46     512.47   17.01  2.18E+09  1.93E+08
    5.00  2.00   25.0     145.46     512.47   20.88  7.56E+08  6.60E+07
    5.00  2.00   30.0     145.46     512.47   24.13  7.12E+08  6.29E+07
    5.00  2.00   35.0     145.46     512.47   26.89  7.40E+08  6.55E+07
    5.00  2.00   40.0     145.46     512.47   29.07  8.07E+08  7.14E+07
    5.00  2.00   45.0     145.46     512.47   30.93  8.80E+08  7.74E+07
    5.00  2.00   50.0     145.46     512.47   32.44  9.68E+08  8.51E+07
    5.00  2.00   60.0     145.46     512.47   34.77  1.16E+09  1.03E+08
    5.00  2.00   80.0     145.46     512.47   36.82  1.70E+09  1.53E+08
    5.00  2.00  100.0     145.46     512.47   37.10  2.44E+09  2.16E+08


    6.00  1.50   20.0     124.68     439.26   23.25  1.11E+08  9.78E+06
    6.00  1.50   25.0     124.68     439.26   29.46  2.87E+08  2.52E+07
    6.00  1.50   30.0     124.68     439.26   35.80  3.36E+08  2.95E+07
    6.00  1.50   35.0     124.68     439.26   42.10  3.67E+08  3.24E+07
    6.00  1.50   40.0     124.68     439.26   48.53  3.87E+08  3.41E+07
    6.00  1.50   45.0     124.68     439.26   54.73  4.07E+08  3.60E+07
    6.00  1.50   50.0     124.68     439.26   60.95  4.25E+08  3.75E+07
    6.00  1.50   60.0     124.68     439.26   71.85  4.68E+08  4.12E+07
    6.00  1.50   80.0     124.68     439.26   87.54  5.92E+08  5.19E+07
    6.00  1.50  100.0     124.68     439.26   95.24  7.72E+08  6.76E+07

    6.00  1.75   20.0     124.68     439.26   19.54  8.83E+08  7.80E+07
    6.00  1.75   25.0     124.68     439.26   24.33  4.96E+08  4.35E+07
    6.00  1.75   30.0     124.68     439.26   28.75  5.08E+08  4.46E+07
    6.00  1.75   35.0     124.68     439.26   32.75  5.39E+08  4.76E+07
    6.00  1.75   40.0     124.68     439.26   36.51  5.72E+08  5.04E+07
    6.00  1.75   45.0     124.68     439.26   39.84  6.10E+08  5.40E+07
    6.00  1.75   50.0     124.68     439.26   42.93  6.51E+08  5.75E+07
    6.00  1.75   60.0     124.68     439.26   47.81  7.51E+08  6.62E+07
    6.00  1.75   80.0     124.68     439.26   53.85  1.02E+09  8.94E+07
    6.00  1.75  100.0     124.68     439.26   56.47  1.38E+09  1.20E+08

    6.00  2.00   25.0     124.68     439.26   20.41  1.72E+09  1.51E+08
    6.00  2.00   30.0     124.68     439.26   23.81  9.08E+08  7.97E+07
    6.00  2.00   35.0     124.68     439.26   26.68  8.48E+08  7.49E+07
    6.00  2.00   40.0     124.68     439.26   29.22  8.58E+08  7.56E+07
    6.00  2.00   45.0     124.68     439.26   31.36  9.00E+08  7.96E+07
    6.00  2.00   50.0     124.68     439.26   33.26  9.56E+08  8.44E+07
    6.00  2.00   60.0     124.68     439.26   36.11  1.11E+09  9.75E+07
    6.00  2.00   80.0     124.68     439.26   39.39  1.52E+09  1.34E+08
    6.00  2.00  100.0     124.68     439.26   40.73  2.07E+09  1.82E+08


    7.00  1.50   25.0     109.09     384.35   28.05  2.70E+08  2.36E+07
    7.00  1.50   30.0     109.09     384.35   33.74  3.69E+08  3.23E+07
    7.00  1.50   35.0     109.09     384.35   39.40  4.14E+08  3.63E+07
    7.00  1.50   40.0     109.09     384.35   45.13  4.41E+08  3.86E+07
    7.00  1.50   45.0     109.09     384.35   50.61  4.65E+08  4.09E+07
    7.00  1.50   50.0     109.09     384.35   56.02  4.86E+08  4.19E+07
    7.00  1.50   60.0     109.09     384.35   65.92  5.34E+08  4.69E+07
    7.00  1.50   80.0     109.09     384.35   81.44  6.50E+08  5.77E+07
    7.00  1.50  100.0     109.09     384.35   91.17  8.10E+08  7.19E+07

    7.00  1.75   25.0     109.09     384.35   23.51  8.36E+08  7.31E+07
    7.00  1.75   30.0     109.09     384.35   27.86  6.16E+08  5.38E+07
    7.00  1.75   35.0     109.09     384.35   31.84  6.13E+08  5.38E+07
    7.00  1.75   40.0     109.09     384.35   35.59  6.30E+08  5.51E+07
    7.00  1.75   45.0     109.09     384.35   38.93  6.60E+08  5.81E+07
    7.00  1.75   50.0     109.09     384.35   42.04  6.94E+08  5.99E+07
    7.00  1.75   60.0     109.09     384.35   47.24  7.82E+08  6.87E+07
    7.00  1.75   80.0     109.09     384.35   54.35  1.01E+09  8.94E+07
    7.00  1.75  100.0     109.09     384.35   58.28  1.30E+09  1.16E+08

    7.00  2.00   30.0     109.09     384.35   23.36  2.02E+09  1.77E+08
    7.00  2.00   35.0     109.09     384.35   26.45  1.12E+09  9.84E+07
    7.00  2.00   40.0     109.09     384.35   29.19  9.93E+08  8.69E+07
    7.00  2.00   45.0     109.09     384.35   31.53  9.82E+08  8.65E+07
    7.00  2.00   50.0     109.09     384.35   33.60  1.00E+09  8.68E+07
    7.00  2.00   60.0     109.09     384.35   36.91  1.11E+09  9.77E+07
    7.00  2.00   80.0     109.09     384.35   41.11  1.43E+09  1.27E+08
    7.00  2.00  100.0     109.09     384.35   43.28  1.87E+09  1.66E+08


