# Two-band fit (min. chi^2) for beta = 1.50000, 1.75000, 2.00000
# Bands used: ALMA_6 ALMA_3
#     z| beta| Treal| wl_rest_1| wl_rest_2|   Tfit|     Mfit|    dMfit|

    5.00  1.50   20.0     214.44     512.47   22.05  1.04E+09  9.37E+07
    5.00  1.50   25.0     214.44     512.47   27.87  1.24E+09  1.11E+08
    5.00  1.50   30.0     214.44     512.47   33.09  1.39E+09  1.26E+08
    5.00  1.50   35.0     214.44     512.47   37.38  1.57E+09  1.39E+08
    5.00  1.50   40.0     214.44     512.47   41.02  1.76E+09  1.57E+08
    5.00  1.50   45.0     214.44     512.47   44.21  1.95E+09  1.74E+08
    5.00  1.50   50.0     214.44     512.47   46.17  2.21E+09  1.98E+08
    5.00  1.50   60.0     214.44     512.47   48.53  2.85E+09  2.56E+08
    5.00  1.50   80.0     214.44     512.47   49.06  4.60E+09  4.08E+08
    5.00  1.50  100.0     214.44     512.47   46.92  7.20E+09  6.47E+08

    5.00  1.75   20.0     214.44     512.47   16.97  8.94E+09  8.02E+08
    5.00  1.75   25.0     214.44     512.47   20.59  3.11E+09  2.79E+08
    5.00  1.75   30.0     214.44     512.47   23.45  3.03E+09  2.74E+08
    5.00  1.75   35.0     214.44     512.47   25.58  3.30E+09  2.93E+08
    5.00  1.75   40.0     214.44     512.47   27.24  3.67E+09  3.28E+08
    5.00  1.75   45.0     214.44     512.47   28.61  4.10E+09  3.66E+08
    5.00  1.75   50.0     214.44     512.47   29.41  4.67E+09  4.18E+08
    5.00  1.75   60.0     214.44     512.47   30.33  6.06E+09  5.44E+08
    5.00  1.75   80.0     214.44     512.47   30.54  9.81E+09  8.69E+08
    5.00  1.75  100.0     214.44     512.47   29.71  1.52E+10  1.37E+09

    5.00  2.00   30.0     214.44     512.47   17.89  1.29E+10  1.17E+09
    5.00  2.00   35.0     214.44     512.47   19.23  9.79E+09  8.69E+08
    5.00  2.00   40.0     214.44     512.47   20.23  9.55E+09  8.51E+08
    5.00  2.00   45.0     214.44     512.47   21.02  9.95E+09  8.88E+08
    5.00  2.00   50.0     214.44     512.47   21.47  1.10E+10  9.84E+08
    5.00  2.00   60.0     214.44     512.47   21.99  1.39E+10  1.25E+09
    5.00  2.00   80.0     214.44     512.47   22.10  2.24E+10  1.98E+09
    5.00  2.00  100.0     214.44     512.47   21.64  3.56E+10  3.19E+09


    6.00  1.50   20.0     183.81     439.26   22.20  4.85E+08  4.26E+07
    6.00  1.50   25.0     183.81     439.26   28.05  1.09E+09  9.59E+07
    6.00  1.50   30.0     183.81     439.26   33.54  1.28E+09  1.13E+08
    6.00  1.50   35.0     183.81     439.26   37.95  1.49E+09  1.32E+08
    6.00  1.50   40.0     183.81     439.26   42.39  1.63E+09  1.44E+08
    6.00  1.50   45.0     183.81     439.26   46.31  1.78E+09  1.58E+08
    6.00  1.50   50.0     183.81     439.26   48.78  2.01E+09  1.80E+08
    6.00  1.50   60.0     183.81     439.26   53.25  2.44E+09  2.16E+08
    6.00  1.50   80.0     183.81     439.26   55.01  3.87E+09  3.44E+08
    6.00  1.50  100.0     183.81     439.26   53.82  5.87E+09  5.27E+08

    6.00  1.75   25.0     183.81     439.26   21.31  3.91E+09  3.44E+08
    6.00  1.75   30.0     183.81     439.26   24.61  2.98E+09  2.63E+08
    6.00  1.75   35.0     183.81     439.26   27.02  3.15E+09  2.80E+08
    6.00  1.75   40.0     183.81     439.26   29.26  3.31E+09  2.94E+08
    6.00  1.75   45.0     183.81     439.26   31.09  3.58E+09  3.19E+08
    6.00  1.75   50.0     183.81     439.26   32.19  4.04E+09  3.63E+08
    6.00  1.75   60.0     183.81     439.26   34.06  4.95E+09  4.38E+08
    6.00  1.75   80.0     183.81     439.26   34.77  7.88E+09  7.00E+08
    6.00  1.75  100.0     183.81     439.26   34.29  1.19E+10  1.07E+09

    6.00  2.00   35.0     183.81     439.26   20.65  1.42E+10  1.26E+09
    6.00  2.00   40.0     183.81     439.26   22.07  1.00E+10  8.89E+08
    6.00  2.00   45.0     183.81     439.26   23.19  9.31E+09  8.31E+08
    6.00  2.00   50.0     183.81     439.26   23.84  9.92E+09  8.91E+08
    6.00  2.00   60.0     183.81     439.26   24.91  1.13E+10  1.00E+09
    6.00  2.00   80.0     183.81     439.26   25.31  1.77E+10  1.57E+09
    6.00  2.00  100.0     183.81     439.26   25.04  2.70E+10  2.43E+09


    7.00  1.50   25.0     160.83     384.35   27.45  9.43E+08  8.24E+07
    7.00  1.50   30.0     160.83     384.35   32.53  1.31E+09  1.14E+08
    7.00  1.50   35.0     160.83     384.35   37.32  1.49E+09  1.32E+08
    7.00  1.50   40.0     160.83     384.35   41.59  1.66E+09  1.48E+08
    7.00  1.50   45.0     160.83     384.35   45.35  1.83E+09  1.63E+08
    7.00  1.50   50.0     160.83     384.35   48.86  1.98E+09  1.75E+08
    7.00  1.50   60.0     160.83     384.35   54.11  2.37E+09  2.09E+08
    7.00  1.50   80.0     160.83     384.35   58.91  3.45E+09  3.07E+08
    7.00  1.50  100.0     160.83     384.35   59.67  4.95E+09  4.40E+08

    7.00  1.75   30.0     160.83     384.35   24.65  4.23E+09  3.71E+08
    7.00  1.75   35.0     160.83     384.35   27.55  3.48E+09  3.06E+08
    7.00  1.75   40.0     160.83     384.35   29.93  3.48E+09  3.10E+08
    7.00  1.75   45.0     160.83     384.35   31.90  3.67E+09  3.26E+08
    7.00  1.75   50.0     160.83     384.35   33.64  3.90E+09  3.44E+08
    7.00  1.75   60.0     160.83     384.35   36.07  4.61E+09  4.07E+08
    7.00  1.75   80.0     160.83     384.35   38.13  6.74E+09  5.99E+08
    7.00  1.75  100.0     160.83     384.35   38.45  9.68E+09  8.60E+08

    7.00  2.00   40.0     160.83     384.35   22.98  2.07E+10  1.84E+09
    7.00  2.00   45.0     160.83     384.35   24.26  1.30E+10  1.16E+09
    7.00  2.00   50.0     160.83     384.35   25.35  1.12E+10  9.89E+08
    7.00  2.00   60.0     160.83     384.35   26.82  1.13E+10  9.96E+08
    7.00  2.00   80.0     160.83     384.35   28.02  1.52E+10  1.35E+09
    7.00  2.00  100.0     160.83     384.35   28.20  2.17E+10  1.93E+09


