\     Two-temperature model: fw0.0001
\         Composition,    f_w,      z, nbands,     M_fit,   dM_fit+,   dM_fit-,  T_fit, dT_fit+, dT_fit-, beta_fit, dbeta_fit+, dbeta_fit-
E30R-70.0+BE-30.0-raw, 0.0001,   0.00,      8, 1.920e+09, 1.312e+08, 1.408e+08,  27.80,    1.41,    1.32,     1.59,       0.13,       0.12
E30R-70.0+BE-30.0-raw, 0.0001,   1.00,      9, 1.867e+09, 1.468e+08, 1.524e+08,  27.64,    1.13,    1.00,     1.63,       0.13,       0.13
E30R-70.0+BE-30.0-raw, 0.0001,   2.00,      9, 1.838e+09, 1.852e+08, 1.697e+08,  27.76,    1.79,    1.73,     1.62,       0.18,       0.17
E30R-70.0+BE-30.0-raw, 0.0001,   3.00,      8, 1.765e+09, 1.891e+08, 1.769e+08,  27.08,    2.31,    1.99,     1.70,       0.17,       0.17
E30R-70.0+BE-30.0-raw, 0.0001,   4.00,      8, 1.763e+09, 1.789e+08, 1.770e+08,  26.10,    1.73,    1.45,     1.80,       0.17,       0.18
E30R-70.0+BE-30.0-raw, 0.0001,   5.00,      8, 1.786e+09, 2.139e+08, 2.009e+08,  26.04,    1.42,    1.28,     1.82,       0.18,       0.17
E30R-70.0+BE-30.0-raw, 0.0001,   6.00,      7, 2.100e+09, 4.463e+08, 3.322e+08,  25.09,    1.73,    1.67,     1.90,       0.20,       0.19
E30R-70.0+BE-30.0-raw, 0.0001,   7.00,      7, 2.643e+09, 1.078e+09, 5.731e+08,  25.43,    1.71,    1.34,     1.84,       0.15,       0.19
E30R-70.0+BE-30.0-raw, 0.0003,   0.00,      8, 1.909e+09, 1.336e+08, 1.302e+08,  28.03,    1.43,    1.33,     1.58,       0.13,       0.12
E30R-70.0+BE-30.0-raw, 0.0003,   1.00,      9, 1.829e+09, 1.458e+08, 1.389e+08,  28.56,    1.12,    1.03,     1.57,       0.12,       0.12
E30R-70.0+BE-30.0-raw, 0.0003,   2.00,      9, 1.828e+09, 1.742e+08, 1.738e+08,  28.22,    1.71,    1.63,     1.59,       0.17,       0.16
E30R-70.0+BE-30.0-raw, 0.0003,   3.00,      8, 1.763e+09, 1.926e+08, 1.777e+08,  27.11,    2.26,    1.95,     1.70,       0.17,       0.17
E30R-70.0+BE-30.0-raw, 0.0003,   4.00,      8, 1.739e+09, 1.884e+08, 1.772e+08,  26.26,    1.60,    1.45,     1.80,       0.17,       0.17
E30R-70.0+BE-30.0-raw, 0.0003,   5.00,      8, 1.746e+09, 2.079e+08, 1.989e+08,  26.40,    1.35,    1.27,     1.81,       0.16,       0.16
E30R-70.0+BE-30.0-raw, 0.0003,   6.00,      7, 2.001e+09, 4.356e+08, 2.983e+08,  25.69,    1.88,    1.86,     1.85,       0.21,       0.20
E30R-70.0+BE-30.0-raw, 0.0003,   7.00,      7, 2.371e+09, 9.343e+08, 5.217e+08,  25.92,    1.88,    1.62,     1.83,       0.18,       0.19
E30R-70.0+BE-30.0-raw, 0.0010,   0.00,      8, 1.872e+09, 1.334e+08, 1.327e+08,  28.77,    1.48,    1.34,     1.55,       0.12,       0.12
E30R-70.0+BE-30.0-raw, 0.0010,   1.00,      9, 1.717e+09, 1.373e+08, 1.346e+08,  31.19,    1.39,    1.32,     1.42,       0.12,       0.12
E30R-70.0+BE-30.0-raw, 0.0010,   2.00,      9, 1.718e+09, 1.619e+08, 1.568e+08,  29.62,    1.89,    1.67,     1.55,       0.17,       0.17
E30R-70.0+BE-30.0-raw, 0.0010,   3.00,      8, 1.731e+09, 1.916e+08, 1.726e+08,  27.58,    2.45,    2.07,     1.68,       0.17,       0.18
E30R-70.0+BE-30.0-raw, 0.0010,   4.00,      8, 1.687e+09, 1.808e+08, 1.651e+08,  26.91,    1.77,    1.68,     1.77,       0.18,       0.17
E30R-70.0+BE-30.0-raw, 0.0010,   5.00,      8, 1.616e+09, 1.836e+08, 1.825e+08,  27.54,    1.57,    1.40,     1.75,       0.17,       0.17
E30R-70.0+BE-30.0-raw, 0.0010,   6.00,      7, 1.812e+09, 3.362e+08, 2.576e+08,  26.72,    1.91,    1.83,     1.80,       0.19,       0.18
E30R-70.0+BE-30.0-raw, 0.0010,   7.00,      7, 1.713e+09, 4.482e+08, 2.842e+08,  28.13,    2.03,    2.01,     1.72,       0.21,       0.18
E30R-70.0+BE-30.0-raw, 0.0030,   0.00,      8, 1.757e+09, 1.256e+08, 1.208e+08,  30.62,    1.70,    1.51,     1.48,       0.13,       0.12
E30R-70.0+BE-30.0-raw, 0.0030,   1.00,      9, 1.515e+09, 1.208e+08, 1.094e+08,  37.01,    1.95,    1.88,     1.17,       0.12,       0.11
E30R-70.0+BE-30.0-raw, 0.0030,   2.00,      9, 1.542e+09, 1.429e+08, 1.321e+08,  33.86,    2.16,    1.92,     1.38,       0.15,       0.15
E30R-70.0+BE-30.0-raw, 0.0030,   3.00,      8, 1.688e+09, 1.855e+08, 1.760e+08,  28.24,    2.64,    2.11,     1.67,       0.17,       0.18
E30R-70.0+BE-30.0-raw, 0.0030,   4.00,      8, 1.563e+09, 1.661e+08, 1.565e+08,  28.56,    1.94,    1.79,     1.71,       0.17,       0.17
E30R-70.0+BE-30.0-raw, 0.0030,   5.00,      8, 1.408e+09, 1.738e+08, 1.466e+08,  30.54,    1.89,    1.73,     1.61,       0.17,       0.16
E30R-70.0+BE-30.0-raw, 0.0030,   6.00,      7, 1.423e+09, 2.248e+08, 1.832e+08,  29.67,    2.39,    2.10,     1.68,       0.19,       0.18
E30R-70.0+BE-30.0-raw, 0.0030,   7.00,      7, 1.156e+09, 1.972e+08, 1.674e+08,  33.30,    2.55,    2.38,     1.50,       0.19,       0.19
E30R-70.0+BE-30.0-raw, 0.0100,   0.00,      8, 1.539e+09, 1.153e+08, 1.079e+08,  36.09,    2.45,    2.06,     1.33,       0.12,       0.12
E30R-70.0+BE-30.0-raw, 0.0100,   1.00,      9, 1.193e+09, 1.012e+08, 9.885e+07,  48.47,    3.77,    3.23,     0.95,       0.11,       0.12
E30R-70.0+BE-30.0-raw, 0.0100,   2.00,      9, 1.257e+09, 1.089e+08, 1.080e+08,  44.34,    4.11,    3.07,     1.11,       0.14,       0.17
E30R-70.0+BE-30.0-raw, 0.0100,   3.00,      8, 1.533e+09, 1.830e+08, 1.700e+08,  31.24,    3.07,    2.73,     1.59,       0.18,       0.17
E30R-70.0+BE-30.0-raw, 0.0100,   4.00,      8, 1.324e+09, 1.506e+08, 1.309e+08,  33.35,    2.72,    2.55,     1.56,       0.16,       0.16
E30R-70.0+BE-30.0-raw, 0.0100,   5.00,      8, 1.116e+09, 1.292e+08, 1.238e+08,  37.17,    2.90,    2.55,     1.44,       0.16,       0.15
E30R-70.0+BE-30.0-raw, 0.0100,   6.00,      7, 1.045e+09, 1.524e+08, 1.393e+08,  36.36,    3.39,    3.15,     1.51,       0.19,       0.19
E30R-70.0+BE-30.0-raw, 0.0100,   7.00,      7, 7.833e+08, 1.191e+08, 1.036e+08,  42.94,    4.46,    3.83,     1.31,       0.19,       0.19
E30R-70.0+BE-30.0-raw, 0.0300,   0.00,      8, 1.284e+09, 1.105e+08, 1.108e+08,  46.66,    4.81,    3.46,     1.19,       0.11,       0.12
E30R-70.0+BE-30.0-raw, 0.0300,   1.00,      9, 9.780e+08, 8.890e+07, 8.862e+07,  62.90,    5.92,    4.82,     0.91,       0.10,       0.10
E30R-70.0+BE-30.0-raw, 0.0300,   2.00,      9, 9.958e+08, 9.968e+07, 9.753e+07,  61.25,    7.12,    5.95,     0.94,       0.14,       0.14
E30R-70.0+BE-30.0-raw, 0.0300,   3.00,      9, 1.111e+09, 1.450e+08, 1.343e+08,  45.07,    5.73,    5.01,     1.33,       0.15,       0.15
E30R-70.0+BE-30.0-raw, 0.0300,   4.00,      9, 1.018e+09, 1.489e+08, 1.358e+08,  46.45,    7.39,    5.75,     1.32,       0.18,       0.18
E30R-70.0+BE-30.0-raw, 0.0300,   5.00,      8, 8.845e+08, 1.042e+08, 9.614e+07,  47.76,    5.00,    4.16,     1.34,       0.16,       0.16
E30R-70.0+BE-30.0-raw, 0.0300,   6.00,      7, 8.084e+08, 1.121e+08, 1.049e+08,  47.06,    5.81,    4.80,     1.39,       0.18,       0.18
E30R-70.0+BE-30.0-raw, 0.0300,   7.00,      7, 6.067e+08, 9.809e+07, 8.284e+07,  55.72,    8.18,    6.69,     1.25,       0.20,       0.20
E30R-70.0+BE-30.0-raw, 0.1000,   0.00,      8, 1.122e+09, 1.302e+08, 1.287e+08,  67.38,   10.16,    7.62,     1.13,       0.12,       0.12
E30R-70.0+BE-30.0-raw, 0.1000,   1.00,      9, 9.845e+08, 8.960e+07, 9.436e+07,  76.26,    8.14,    6.59,     1.06,       0.10,       0.10
E30R-70.0+BE-30.0-raw, 0.1000,   2.00,      9, 9.552e+08, 1.024e+08, 9.577e+07,  78.08,   10.53,    8.21,     1.03,       0.12,       0.12
E30R-70.0+BE-30.0-raw, 0.1000,   3.00,      9, 1.013e+09, 1.180e+08, 1.132e+08,  62.03,    9.09,    6.36,     1.29,       0.13,       0.14
E30R-70.0+BE-30.0-raw, 0.1000,   4.00,      9, 8.784e+08, 9.023e+07, 8.958e+07,  67.24,    7.57,    6.58,     1.28,       0.13,       0.13
E30R-70.0+BE-30.0-raw, 0.1000,   5.00,      8, 8.421e+08, 1.270e+08, 1.090e+08,  62.06,   11.20,    7.73,     1.37,       0.17,       0.17
E30R-70.0+BE-30.0-raw, 0.1000,   6.00,      8, 7.337e+08, 1.054e+08, 9.722e+07,  68.52,   10.93,    8.62,     1.32,       0.17,       0.17
E30R-70.0+BE-30.0-raw, 0.1000,   7.00,      7, 7.085e+08, 2.200e+08, 1.669e+08,  60.86,   23.13,   13.98,     1.44,       0.30,       0.27
E30R-70.0+BE-30.0-raw, 0.3000,   0.00,      8, 1.458e+09, 2.232e+08, 2.248e+08,  85.13,   18.72,   11.83,     1.18,       0.11,       0.12
E30R-70.0+BE-30.0-raw, 0.3000,   1.00,      9, 1.462e+09, 1.392e+08, 1.317e+08,  81.98,    8.84,    7.55,     1.22,       0.10,       0.10
E30R-70.0+BE-30.0-raw, 0.3000,   2.00,      9, 1.433e+09, 1.451e+08, 1.499e+08,  82.44,   11.98,    9.29,     1.22,       0.12,       0.12
E30R-70.0+BE-30.0-raw, 0.3000,   3.00,      9, 1.404e+09, 1.763e+08, 1.761e+08,  75.57,   13.03,    9.38,     1.32,       0.13,       0.13
E30R-70.0+BE-30.0-raw, 0.3000,   4.00,      9, 1.312e+09, 1.285e+08, 1.258e+08,  76.28,    9.46,    7.11,     1.35,       0.12,       0.12
E30R-70.0+BE-30.0-raw, 0.3000,   5.00,      8, 1.301e+09, 1.708e+08, 1.563e+08,  70.66,   11.19,    8.40,     1.44,       0.16,       0.16
E30R-70.0+BE-30.0-raw, 0.3000,   6.00,      8, 1.195e+09, 1.429e+08, 1.406e+08,  74.08,    9.80,    8.02,     1.42,       0.16,       0.15
E30R-70.0+BE-30.0-raw, 0.3000,   7.00,      7, 1.125e+09, 2.128e+08, 1.900e+08,  72.78,   17.51,   11.59,     1.45,       0.21,       0.21
