    500.0000000      0.0001000
    500.1000061      0.0001000
    500.2000122      0.0001000
    500.2999878      0.0001000
    500.3999939      0.0001000
    500.5000000      0.0001000
    500.6000061      0.0001000
    500.7000122      0.0001000
    500.7999878      0.0001000
    500.8999939      0.0001000
    501.0000000      0.0001000
    501.1000061      0.0001000
    501.2000122      0.0001000
    501.2999878      0.0001000
    501.3999939      0.0001000
    501.5000000      0.0001000
    501.6000061      0.0001000
    501.7000122      0.0001000
    501.7999878      0.0001000
    501.8999939      0.0001000
    502.0000000      0.0000000
    502.1000061      0.0000000
    502.2000122      0.0000000
    502.2999878      0.0001000
    502.3999939      0.0001000
    502.5000000      0.0001000
    502.6000061      0.0001000
    502.7000122      0.0001000
    502.7999878      0.0001000
    502.8999939      0.0001000
    503.0000000      0.0001000
    503.1000061      0.0001000
    503.2000122      0.0001000
    503.2999878      0.0001000
    503.3999939      0.0001000
    503.5000000      0.0001000
    503.6000061      0.0001000
    503.7000122      0.0001000
    503.7999878      0.0001000
    503.8999939      0.0001000
    504.0000000      0.0001000
    504.1000061      0.0001000
    504.2000122      0.0001000
    504.2999878      0.0001000
    504.3999939      0.0001000
    504.5000000      0.0001000
    504.6000061      0.0001000
    504.7000122      0.0001000
    504.7999878      0.0001000
    504.8999939      0.0001000
    505.0000000      0.0001000
    505.1000061      0.0001000
    505.2000122      0.0001000
    505.2999878      0.0001000
    505.3999939      0.0001000
    505.5000000      0.0001000
    505.6000061      0.0001000
    505.7000122      0.0001000
    505.7999878      0.0001000
    505.8999939      0.0001000
    506.0000000      0.0001000
    506.1000061      0.0001000
    506.2000122      0.0001000
    506.2999878      0.0001000
    506.3999939      0.0001000
    506.5000000      0.0001000
    506.6000061      0.0001000
    506.7000122      0.0001000
    506.7999878      0.0001000
    506.8999939      0.0001000
    507.0000000      0.0001000
    507.1000061      0.0001000
    507.2000122      0.0001000
    507.2999878      0.0001000
    507.3999939      0.0001000
    507.5000000      0.0001000
    507.6000061      0.0001000
    507.7000122      0.0001000
    507.7999878      0.0002000
    507.8999939      0.0002000
    508.0000000      0.0002000
    508.1000061      0.0002000
    508.2000122      0.0002000
    508.2999878      0.0002000
    508.3999939      0.0002000
    508.5000000      0.0002000
    508.6000061      0.0002000
    508.7000122      0.0002000
    508.7999878      0.0002000
    508.8999939      0.0002000
    509.0000000      0.0002000
    509.1000061      0.0002000
    509.2000122      0.0002000
    509.2999878      0.0002000
    509.3999939      0.0002000
    509.5000000      0.0002000
    509.6000061      0.0002000
    509.7000122      0.0002000
    509.7999878      0.0002000
    509.8999939      0.0002000
    510.0000000      0.0002000
    510.1000061      0.0002000
    510.2000122      0.0002000
    510.2999878      0.0002000
    510.3999939      0.0002000
    510.5000000      0.0002000
    510.6000061      0.0002000
    510.7000122      0.0002000
    510.7999878      0.0002000
    510.8999939      0.0002000
    511.0000000      0.0002000
    511.1000061      0.0002000
    511.2000122      0.0002000
    511.2999878      0.0002000
    511.3999939      0.0002000
    511.5000000      0.0002000
    511.6000061      0.0002000
    511.7000122      0.0002000
    511.7999878      0.0002000
    511.8999939      0.0002000
    512.0000000      0.0002000
    512.0999756      0.0002000
    512.2000122      0.0002000
    512.2999878      0.0002000
    512.4000244      0.0002000
    512.5000000      0.0002000
    512.5999756      0.0002000
    512.7000122      0.0002000
    512.7999878      0.0002000
    512.9000244      0.0002000
    513.0000000      0.0002000
    513.0999756      0.0002000
    513.2000122      0.0002000
    513.2999878      0.0002000
    513.4000244      0.0002000
    513.5000000      0.0002000
    513.5999756      0.0002000
    513.7000122      0.0002000
    513.7999878      0.0002000
    513.9000244      0.0002000
    514.0000000      0.0002000
    514.0999756      0.0002000
    514.2000122      0.0002000
    514.2999878      0.0002000
    514.4000244      0.0002000
    514.5000000      0.0002000
    514.5999756      0.0002000
    514.7000122      0.0002000
    514.7999878      0.0002000
    514.9000244      0.0002000
    515.0000000      0.0002000
    515.0999756      0.0002000
    515.2000122      0.0002000
    515.2999878      0.0002000
    515.4000244      0.0002000
    515.5000000      0.0002000
    515.5999756      0.0002000
    515.7000122      0.0002000
    515.7999878      0.0002000
    515.9000244      0.0002000
    516.0000000      0.0002000
    516.0999756      0.0002000
    516.2000122      0.0002000
    516.2999878      0.0002000
    516.4000244      0.0002000
    516.5000000      0.0002000
    516.5999756      0.0002000
    516.7000122      0.0002000
    516.7999878      0.0002000
    516.9000244      0.0002000
    517.0000000      0.0002000
    517.0999756      0.0002000
    517.2000122      0.0002000
    517.2999878      0.0003000
    517.4000244      0.0003000
    517.5000000      0.0003000
    517.5999756      0.0003000
    517.7000122      0.0002000
    517.7999878      0.0002000
    517.9000244      0.0002000
    518.0000000      0.0002000
    518.0999756      0.0002000
    518.2000122      0.0002000
    518.2999878      0.0002000
    518.4000244      0.0002000
    518.5000000      0.0002000
    518.5999756      0.0002000
    518.7000122      0.0002000
    518.7999878      0.0002000
    518.9000244      0.0002000
    519.0000000      0.0002000
    519.0999756      0.0002000
    519.2000122      0.0002000
    519.2999878      0.0002000
    519.4000244      0.0002000
    519.5000000      0.0002000
    519.5999756      0.0002000
    519.7000122      0.0002000
    519.7999878      0.0002000
    519.9000244      0.0002000
    520.0000000      0.0002000
    520.0999756      0.0002000
    520.2000122      0.0002000
    520.2999878      0.0002000
    520.4000244      0.0002000
    520.5000000      0.0002000
    520.5999756      0.0002000
    520.7000122      0.0002000
    520.7999878      0.0002000
    520.9000244      0.0002000
    521.0000000      0.0002000
    521.0999756      0.0002000
    521.2000122      0.0002000
    521.2999878      0.0002000
    521.4000244      0.0002000
    521.5000000      0.0002000
    521.5999756      0.0002000
    521.7000122      0.0002000
    521.7999878      0.0002000
    521.9000244      0.0002000
    522.0000000      0.0002000
    522.0999756      0.0002000
    522.2000122      0.0002000
    522.2999878      0.0002000
    522.4000244      0.0002000
    522.5000000      0.0002000
    522.5999756      0.0002000
    522.7000122      0.0002000
    522.7999878      0.0002000
    522.9000244      0.0002000
    523.0000000      0.0002000
    523.0999756      0.0002000
    523.2000122      0.0002000
    523.2999878      0.0002000
    523.4000244      0.0002000
    523.5000000      0.0002000
    523.5999756      0.0002000
    523.7000122      0.0002000
    523.7999878      0.0002000
    523.9000244      0.0002000
    524.0000000      0.0002000
    524.0999756      0.0002000
    524.2000122      0.0002000
    524.2999878      0.0002000
    524.4000244      0.0002000
    524.5000000      0.0002000
    524.5999756      0.0002000
    524.7000122      0.0002000
    524.7999878      0.0002000
    524.9000244      0.0002000
    525.0000000      0.0002000
    525.0999756      0.0002000
    525.2000122      0.0002000
    525.2999878      0.0002000
    525.4000244      0.0002000
    525.5000000      0.0002000
    525.5999756      0.0002000
    525.7000122      0.0002000
    525.7999878      0.0002000
    525.9000244      0.0002000
    526.0000000      0.0003000
    526.0999756      0.0003000
    526.2000122      0.0003000
    526.2999878      0.0003000
    526.4000244      0.0003000
    526.5000000      0.0003000
    526.5999756      0.0003000
    526.7000122      0.0003000
    526.7999878      0.0003000
    526.9000244      0.0002000
    527.0000000      0.0002000
    527.0999756      0.0002000
    527.2000122      0.0002000
    527.2999878      0.0002000
    527.4000244      0.0002000
    527.5000000      0.0002000
    527.5999756      0.0002000
    527.7000122      0.0002000
    527.7999878      0.0002000
    527.9000244      0.0002000
    528.0000000      0.0002000
    528.0999756      0.0002000
    528.2000122      0.0002000
    528.2999878      0.0002000
    528.4000244      0.0002000
    528.5000000      0.0002000
    528.5999756      0.0002000
    528.7000122      0.0002000
    528.7999878      0.0002000
    528.9000244      0.0002000
    529.0000000      0.0002000
    529.0999756      0.0002000
    529.2000122      0.0002000
    529.2999878      0.0002000
    529.4000244      0.0002000
    529.5000000      0.0002000
    529.5999756      0.0002000
    529.7000122      0.0002000
    529.7999878      0.0002000
    529.9000244      0.0002000
    530.0000000      0.0002000
    530.0999756      0.0002000
    530.2000122      0.0003000
    530.2999878      0.0003000
    530.4000244      0.0003000
    530.5000000      0.0003000
    530.5999756      0.0003000
    530.7000122      0.0003000
    530.7999878      0.0003000
    530.9000244      0.0003000
    531.0000000      0.0003000
    531.0999756      0.0003000
    531.2000122      0.0003000
    531.2999878      0.0003000
    531.4000244      0.0003000
    531.5000000      0.0003000
    531.5999756      0.0003000
    531.7000122      0.0003000
    531.7999878      0.0003000
    531.9000244      0.0003000
    532.0000000      0.0003000
    532.0999756      0.0003000
    532.2000122      0.0003000
    532.2999878      0.0003000
    532.4000244      0.0003000
    532.5000000      0.0003000
    532.5999756      0.0003000
    532.7000122      0.0003000
    532.7999878      0.0003000
    532.9000244      0.0003000
    533.0000000      0.0003000
    533.0999756      0.0003000
    533.2000122      0.0003000
    533.2999878      0.0003000
    533.4000244      0.0003000
    533.5000000      0.0003000
    533.5999756      0.0003000
    533.7000122      0.0003000
    533.7999878      0.0003000
    533.9000244      0.0003000
    534.0000000      0.0003000
    534.0999756      0.0003000
    534.2000122      0.0003000
    534.2999878      0.0003000
    534.4000244      0.0003000
    534.5000000      0.0003000
    534.5999756      0.0003000
    534.7000122      0.0003000
    534.7999878      0.0003000
    534.9000244      0.0003000
    535.0000000      0.0003000
    535.0999756      0.0003000
    535.2000122      0.0003000
    535.2999878      0.0003000
    535.4000244      0.0003000
    535.5000000      0.0003000
    535.5999756      0.0003000
    535.7000122      0.0003000
    535.7999878      0.0003000
    535.9000244      0.0003000
    536.0000000      0.0003000
    536.0999756      0.0003000
    536.2000122      0.0003000
    536.2999878      0.0003000
    536.4000244      0.0003000
    536.5000000      0.0003000
    536.5999756      0.0003000
    536.7000122      0.0003000
    536.7999878      0.0003000
    536.9000244      0.0003000
    537.0000000      0.0003000
    537.0999756      0.0003000
    537.2000122      0.0003000
    537.2999878      0.0003000
    537.4000244      0.0003000
    537.5000000      0.0003000
    537.5999756      0.0003000
    537.7000122      0.0003000
    537.7999878      0.0003000
    537.9000244      0.0003000
    538.0000000      0.0003000
    538.0999756      0.0003000
    538.2000122      0.0003000
    538.2999878      0.0003000
    538.4000244      0.0003000
    538.5000000      0.0003000
    538.5999756      0.0003000
    538.7000122      0.0003000
    538.7999878      0.0003000
    538.9000244      0.0003000
    539.0000000      0.0003000
    539.0999756      0.0003000
    539.2000122      0.0003000
    539.2999878      0.0003000
    539.4000244      0.0003000
    539.5000000      0.0003000
    539.5999756      0.0003000
    539.7000122      0.0003000
    539.7999878      0.0003000
    539.9000244      0.0003000
    540.0000000      0.0003000
    540.0999756      0.0003000
    540.2000122      0.0003000
    540.2999878      0.0003000
    540.4000244      0.0003000
    540.5000000      0.0003000
    540.5999756      0.0003000
    540.7000122      0.0003000
    540.7999878      0.0003000
    540.9000244      0.0003000
    541.0000000      0.0003000
    541.0999756      0.0004000
    541.2000122      0.0004000
    541.2999878      0.0004000
    541.4000244      0.0004000
    541.5000000      0.0004000
    541.5999756      0.0004000
    541.7000122      0.0004000
    541.7999878      0.0004000
    541.9000244      0.0004000
    542.0000000      0.0004000
    542.0999756      0.0004000
    542.2000122      0.0004000
    542.2999878      0.0004000
    542.4000244      0.0004000
    542.5000000      0.0004000
    542.5999756      0.0004000
    542.7000122      0.0004000
    542.7999878      0.0004000
    542.9000244      0.0004000
    543.0000000      0.0004000
    543.0999756      0.0004000
    543.2000122      0.0004000
    543.2999878      0.0004000
    543.4000244      0.0004000
    543.5000000      0.0004000
    543.5999756      0.0004000
    543.7000122      0.0004000
    543.7999878      0.0005000
    543.9000244      0.0005000
    544.0000000      0.0005000
    544.0999756      0.0005000
    544.2000122      0.0005000
    544.2999878      0.0005000
    544.4000244      0.0005000
    544.5000000      0.0005000
    544.5999756      0.0005000
    544.7000122      0.0005000
    544.7999878      0.0005000
    544.9000244      0.0005000
    545.0000000      0.0005000
    545.0999756      0.0005000
    545.2000122      0.0005000
    545.2999878      0.0005000
    545.4000244      0.0005000
    545.5000000      0.0005000
    545.5999756      0.0005000
    545.7000122      0.0005000
    545.7999878      0.0005000
    545.9000244      0.0005000
    546.0000000      0.0005000
    546.0999756      0.0005000
    546.2000122      0.0005000
    546.2999878      0.0006000
    546.4000244      0.0006000
    546.5000000      0.0006000
    546.5999756      0.0006000
    546.7000122      0.0006000
    546.7999878      0.0006000
    546.9000244      0.0006000
    547.0000000      0.0006000
    547.0999756      0.0006000
    547.2000122      0.0006000
    547.2999878      0.0006000
    547.4000244      0.0006000
    547.5000000      0.0006000
    547.5999756      0.0006000
    547.7000122      0.0006000
    547.7999878      0.0006000
    547.9000244      0.0006000
    548.0000000      0.0006000
    548.0999756      0.0006000
    548.2000122      0.0006000
    548.2999878      0.0006000
    548.4000244      0.0006000
    548.5000000      0.0006000
    548.5999756      0.0006000
    548.7000122      0.0006000
    548.7999878      0.0006000
    548.9000244      0.0006000
    549.0000000      0.0006000
    549.0999756      0.0006000
    549.2000122      0.0006000
    549.2999878      0.0006000
    549.4000244      0.0006000
    549.5000000      0.0006000
    549.5999756      0.0006000
    549.7000122      0.0006000
    549.7999878      0.0006000
    549.9000244      0.0006000
    550.0000000      0.0007000
    550.0999756      0.0007000
    550.2000122      0.0007000
    550.2999878      0.0007000
    550.4000244      0.0007000
    550.5000000      0.0007000
    550.5999756      0.0007000
    550.7000122      0.0007000
    550.7999878      0.0007000
    550.9000244      0.0007000
    551.0000000      0.0007000
    551.0999756      0.0007000
    551.2000122      0.0007000
    551.2999878      0.0007000
    551.4000244      0.0007000
    551.5000000      0.0007000
    551.5999756      0.0007000
    551.7000122      0.0008000
    551.7999878      0.0008000
    551.9000244      0.0008000
    552.0000000      0.0008000
    552.0999756      0.0008000
    552.2000122      0.0008000
    552.2999878      0.0008000
    552.4000244      0.0008000
    552.5000000      0.0008000
    552.5999756      0.0008000
    552.7000122      0.0008000
    552.7999878      0.0008000
    552.9000244      0.0008000
    553.0000000      0.0008000
    553.0999756      0.0008000
    553.2000122      0.0008000
    553.2999878      0.0008000
    553.4000244      0.0008000
    553.5000000      0.0008000
    553.5999756      0.0008000
    553.7000122      0.0008000
    553.7999878      0.0009000
    553.9000244      0.0009000
    554.0000000      0.0009000
    554.0999756      0.0009000
    554.2000122      0.0009000
    554.2999878      0.0009000
    554.4000244      0.0009000
    554.5000000      0.0009000
    554.5999756      0.0009000
    554.7000122      0.0009000
    554.7999878      0.0009000
    554.9000244      0.0009000
    555.0000000      0.0009000
    555.0999756      0.0009000
    555.2000122      0.0009000
    555.2999878      0.0009000
    555.4000244      0.0009000
    555.5000000      0.0009000
    555.5999756      0.0009000
    555.7000122      0.0010000
    555.7999878      0.0010000
    555.9000244      0.0010000
    556.0000000      0.0010000
    556.0999756      0.0010000
    556.2000122      0.0010000
    556.2999878      0.0010000
    556.4000244      0.0010000
    556.5000000      0.0010000
    556.5999756      0.0010000
    556.7000122      0.0010000
    556.7999878      0.0010000
    556.9000244      0.0010000
    557.0000000      0.0010000
    557.0999756      0.0010000
    557.2000122      0.0010000
    557.2999878      0.0010000
    557.4000244      0.0010000
    557.5000000      0.0010000
    557.5999756      0.0010000
    557.7000122      0.0011000
    557.7999878      0.0011000
    557.9000244      0.0011000
    558.0000000      0.0011000
    558.0999756      0.0011000
    558.2000122      0.0011000
    558.2999878      0.0011000
    558.4000244      0.0011000
    558.5000000      0.0011000
    558.5999756      0.0011000
    558.7000122      0.0011000
    558.7999878      0.0011000
    558.9000244      0.0011000
    559.0000000      0.0011000
    559.0999756      0.0011000
    559.2000122      0.0011000
    559.2999878      0.0012000
    559.4000244      0.0012000
    559.5000000      0.0012000
    559.5999756      0.0012000
    559.7000122      0.0012000
    559.7999878      0.0012000
    559.9000244      0.0012000
    560.0000000      0.0012000
    560.0999756      0.0012000
    560.2000122      0.0012000
    560.2999878      0.0012000
    560.4000244      0.0013000
    560.5000000      0.0013000
    560.5999756      0.0013000
    560.7000122      0.0013000
    560.7999878      0.0013000
    560.9000244      0.0013000
    561.0000000      0.0013000
    561.0999756      0.0013000
    561.2000122      0.0013000
    561.2999878      0.0013000
    561.4000244      0.0013000
    561.5000000      0.0013000
    561.5999756      0.0014000
    561.7000122      0.0014000
    561.7999878      0.0014000
    561.9000244      0.0014000
    562.0000000      0.0014000
    562.0999756      0.0014000
    562.2000122      0.0014000
    562.2999878      0.0014000
    562.4000244      0.0014000
    562.5000000      0.0014000
    562.5999756      0.0014000
    562.7000122      0.0014000
    562.7999878      0.0014000
    562.9000244      0.0014000
    563.0000000      0.0014000
    563.0999756      0.0014000
    563.2000122      0.0014000
    563.2999878      0.0014000
    563.4000244      0.0014000
    563.5000000      0.0015000
    563.5999756      0.0015000
    563.7000122      0.0015000
    563.7999878      0.0015000
    563.9000244      0.0015000
    564.0000000      0.0015000
    564.0999756      0.0015000
    564.2000122      0.0015000
    564.2999878      0.0015000
    564.4000244      0.0015000
    564.5000000      0.0015000
    564.5999756      0.0015000
    564.7000122      0.0015000
    564.7999878      0.0016000
    564.9000244      0.0016000
    565.0000000      0.0016000
    565.0999756      0.0016000
    565.2000122      0.0016000
    565.2999878      0.0016000
    565.4000244      0.0016000
    565.5000000      0.0016000
    565.5999756      0.0016000
    565.7000122      0.0016000
    565.7999878      0.0016000
    565.9000244      0.0017000
    566.0000000      0.0017000
    566.0999756      0.0017000
    566.2000122      0.0017000
    566.2999878      0.0017000
    566.4000244      0.0017000
    566.5000000      0.0017000
    566.5999756      0.0017000
    566.7000122      0.0017000
    566.7999878      0.0017000
    566.9000244      0.0017000
    567.0000000      0.0017000
    567.0999756      0.0018000
    567.2000122      0.0018000
    567.2999878      0.0018000
    567.4000244      0.0018000
    567.5000000      0.0018000
    567.5999756      0.0018000
    567.7000122      0.0018000
    567.7999878      0.0018000
    567.9000244      0.0018000
    568.0000000      0.0018000
    568.0999756      0.0018000
    568.2000122      0.0019000
    568.2999878      0.0019000
    568.4000244      0.0019000
    568.5000000      0.0019000
    568.5999756      0.0019000
    568.7000122      0.0019000
    568.7999878      0.0019000
    568.9000244      0.0019000
    569.0000000      0.0019000
    569.0999756      0.0020000
    569.2000122      0.0020000
    569.2999878      0.0020000
    569.4000244      0.0020000
    569.5000000      0.0020000
    569.5999756      0.0020000
    569.7000122      0.0020000
    569.7999878      0.0020000
    569.9000244      0.0020000
    570.0000000      0.0020000
    570.0999756      0.0021000
    570.2000122      0.0021000
    570.2999878      0.0021000
    570.4000244      0.0021000
    570.5000000      0.0021000
    570.5999756      0.0021000
    570.7000122      0.0021000
    570.7999878      0.0021000
    570.9000244      0.0021000
    571.0000000      0.0021000
    571.0999756      0.0022000
    571.2000122      0.0022000
    571.2999878      0.0022000
    571.4000244      0.0022000
    571.5000000      0.0022000
    571.5999756      0.0022000
    571.7000122      0.0022000
    571.7999878      0.0022000
    571.9000244      0.0023000
    572.0000000      0.0023000
    572.0999756      0.0023000
    572.2000122      0.0023000
    572.2999878      0.0023000
    572.4000244      0.0023000
    572.5000000      0.0023000
    572.5999756      0.0023000
    572.7000122      0.0023000
    572.7999878      0.0024000
    572.9000244      0.0024000
    573.0000000      0.0024000
    573.0999756      0.0024000
    573.2000122      0.0024000
    573.2999878      0.0024000
    573.4000244      0.0024000
    573.5000000      0.0024000
    573.5999756      0.0025000
    573.7000122      0.0025000
    573.7999878      0.0025000
    573.9000244      0.0025000
    574.0000000      0.0025000
    574.0999756      0.0025000
    574.2000122      0.0025000
    574.2999878      0.0025000
    574.4000244      0.0025000
    574.5000000      0.0026000
    574.5999756      0.0026000
    574.7000122      0.0026000
    574.7999878      0.0026000
    574.9000244      0.0026000
    575.0000000      0.0026000
    575.0999756      0.0026000
    575.2000122      0.0026000
    575.2999878      0.0027000
    575.4000244      0.0027000
    575.5000000      0.0027000
    575.5999756      0.0027000
    575.7000122      0.0027000
    575.7999878      0.0027000
    575.9000244      0.0027000
    576.0000000      0.0028000
    576.0999756      0.0028000
    576.2000122      0.0028000
    576.2999878      0.0028000
    576.4000244      0.0028000
    576.5000000      0.0028000
    576.5999756      0.0028000
    576.7000122      0.0029000
    576.7999878      0.0029000
    576.9000244      0.0029000
    577.0000000      0.0029000
    577.0999756      0.0029000
    577.2000122      0.0029000
    577.2999878      0.0030000
    577.4000244      0.0030000
    577.5000000      0.0030000
    577.5999756      0.0030000
    577.7000122      0.0030000
    577.7999878      0.0030000
    577.9000244      0.0031000
    578.0000000      0.0031000
    578.0999756      0.0031000
    578.2000122      0.0031000
    578.2999878      0.0031000
    578.4000244      0.0031000
    578.5000000      0.0032000
    578.5999756      0.0032000
    578.7000122      0.0032000
    578.7999878      0.0032000
    578.9000244      0.0032000
    579.0000000      0.0033000
    579.0999756      0.0033000
    579.2000122      0.0033000
    579.2999878      0.0033000
    579.4000244      0.0033000
    579.5000000      0.0033000
    579.5999756      0.0034000
    579.7000122      0.0034000
    579.7999878      0.0034000
    579.9000244      0.0034000
    580.0000000      0.0034000
    580.0999756      0.0035000
    580.2000122      0.0035000
    580.2999878      0.0035000
    580.4000244      0.0035000
    580.5000000      0.0035000
    580.5999756      0.0035000
    580.7000122      0.0035000
    580.7999878      0.0036000
    580.9000244      0.0036000
    581.0000000      0.0036000
    581.0999756      0.0036000
    581.2000122      0.0036000
    581.2999878      0.0036000
    581.4000244      0.0037000
    581.5000000      0.0037000
    581.5999756      0.0037000
    581.7000122      0.0037000
    581.7999878      0.0037000
    581.9000244      0.0037000
    582.0000000      0.0037000
    582.0999756      0.0037000
    582.2000122      0.0038000
    582.2999878      0.0038000
    582.4000244      0.0038000
    582.5000000      0.0038000
    582.5999756      0.0038000
    582.7000122      0.0038000
    582.7999878      0.0038000
    582.9000244      0.0038000
    583.0000000      0.0039000
    583.0999756      0.0039000
    583.2000122      0.0039000
    583.2999878      0.0039000
    583.4000244      0.0039000
    583.5000000      0.0039000
    583.5999756      0.0039000
    583.7000122      0.0039000
    583.7999878      0.0040000
    583.9000244      0.0040000
    584.0000000      0.0040000
    584.0999756      0.0040000
    584.2000122      0.0040000
    584.2999878      0.0040000
    584.4000244      0.0040000
    584.5000000      0.0040000
    584.5999756      0.0041000
    584.7000122      0.0041000
    584.7999878      0.0041000
    584.9000244      0.0041000
    585.0000000      0.0041000
    585.0999756      0.0041000
    585.2000122      0.0041000
    585.2999878      0.0041000
    585.4000244      0.0042000
    585.5000000      0.0042000
    585.5999756      0.0042000
    585.7000122      0.0042000
    585.7999878      0.0042000
    585.9000244      0.0042000
    586.0000000      0.0043000
    586.0999756      0.0043000
    586.2000122      0.0043000
    586.2999878      0.0043000
    586.4000244      0.0043000
    586.5000000      0.0043000
    586.5999756      0.0044000
    586.7000122      0.0044000
    586.7999878      0.0044000
    586.9000244      0.0044000
    587.0000000      0.0044000
    587.0999756      0.0045000
    587.2000122      0.0045000
    587.2999878      0.0045000
    587.4000244      0.0045000
    587.5000000      0.0045000
    587.5999756      0.0046000
    587.7000122      0.0046000
    587.7999878      0.0046000
    587.9000244      0.0046000
    588.0000000      0.0046000
    588.0999756      0.0047000
    588.2000122      0.0047000
    588.2999878      0.0047000
    588.4000244      0.0047000
    588.5000000      0.0047000
    588.5999756      0.0048000
    588.7000122      0.0048000
    588.7999878      0.0048000
    588.9000244      0.0048000
    589.0000000      0.0048000
    589.0999756      0.0049000
    589.2000122      0.0049000
    589.2999878      0.0049000
    589.4000244      0.0049000
    589.5000000      0.0050000
    589.5999756      0.0050000
    589.7000122      0.0050000
    589.7999878      0.0050000
    589.9000244      0.0050000
    590.0000000      0.0051000
    590.0999756      0.0051000
    590.2000122      0.0051000
    590.2999878      0.0051000
    590.4000244      0.0052000
    590.5000000      0.0052000
    590.5999756      0.0052000
    590.7000122      0.0052000
    590.7999878      0.0052000
    590.9000244      0.0053000
    591.0000000      0.0053000
    591.0999756      0.0053000
    591.2000122      0.0053000
    591.2999878      0.0054000
    591.4000244      0.0054000
    591.5000000      0.0054000
    591.5999756      0.0054000
    591.7000122      0.0055000
    591.7999878      0.0055000
    591.9000244      0.0055000
    592.0000000      0.0055000
    592.0999756      0.0055000
    592.2000122      0.0056000
    592.2999878      0.0056000
    592.4000244      0.0056000
    592.5000000      0.0056000
    592.5999756      0.0056000
    592.7000122      0.0057000
    592.7999878      0.0057000
    592.9000244      0.0057000
    593.0000000      0.0057000
    593.0999756      0.0057000
    593.2000122      0.0058000
    593.2999878      0.0058000
    593.4000244      0.0058000
    593.5000000      0.0058000
    593.5999756      0.0058000
    593.7000122      0.0059000
    593.7999878      0.0059000
    593.9000244      0.0059000
    594.0000000      0.0059000
    594.0999756      0.0060000
    594.2000122      0.0060000
    594.2999878      0.0060000
    594.4000244      0.0060000
    594.5000000      0.0061000
    594.5999756      0.0061000
    594.7000122      0.0061000
    594.7999878      0.0061000
    594.9000244      0.0062000
    595.0000000      0.0062000
    595.0999756      0.0062000
    595.2000122      0.0062000
    595.2999878      0.0062000
    595.4000244      0.0063000
    595.5000000      0.0063000
    595.5999756      0.0063000
    595.7000122      0.0063000
    595.7999878      0.0064000
    595.9000244      0.0064000
    596.0000000      0.0064000
    596.0999756      0.0064000
    596.2000122      0.0064000
    596.2999878      0.0065000
    596.4000244      0.0065000
    596.5000000      0.0065000
    596.5999756      0.0065000
    596.7000122      0.0065000
    596.7999878      0.0066000
    596.9000244      0.0066000
    597.0000000      0.0066000
    597.0999756      0.0066000
    597.2000122      0.0066000
    597.2999878      0.0067000
    597.4000244      0.0067000
    597.5000000      0.0067000
    597.5999756      0.0067000
    597.7000122      0.0068000
    597.7999878      0.0068000
    597.9000244      0.0068000
    598.0000000      0.0068000
    598.0999756      0.0068000
    598.2000122      0.0069000
    598.2999878      0.0069000
    598.4000244      0.0069000
    598.5000000      0.0070000
    598.5999756      0.0070000
    598.7000122      0.0070000
    598.7999878      0.0070000
    598.9000244      0.0071000
    599.0000000      0.0071000
    599.0999756      0.0071000
    599.2000122      0.0072000
    599.2999878      0.0072000
    599.4000244      0.0072000
    599.5000000      0.0072000
    599.5999756      0.0073000
    599.7000122      0.0073000
    599.7999878      0.0073000
    599.9000244      0.0074000
    600.0000000      0.0074000
    600.0999756      0.0074000
    600.2000122      0.0075000
    600.2999878      0.0075000
    600.4000244      0.0075000
    600.5000000      0.0075000
    600.5999756      0.0076000
    600.7000122      0.0076000
    600.7999878      0.0076000
    600.9000244      0.0077000
    601.0000000      0.0077000
    601.0999756      0.0077000
    601.2000122      0.0077000
    601.2999878      0.0078000
    601.4000244      0.0078000
    601.5000000      0.0078000
    601.5999756      0.0078000
    601.7000122      0.0079000
    601.7999878      0.0079000
    601.9000244      0.0079000
    602.0000000      0.0080000
    602.0999756      0.0080000
    602.2000122      0.0080000
    602.2999878      0.0080000
    602.4000244      0.0081000
    602.5000000      0.0081000
    602.5999756      0.0081000
    602.7000122      0.0081000
    602.7999878      0.0082000
    602.9000244      0.0082000
    603.0000000      0.0082000
    603.0999756      0.0083000
    603.2000122      0.0083000
    603.2999878      0.0083000
    603.4000244      0.0084000
    603.5000000      0.0084000
    603.5999756      0.0084000
    603.7000122      0.0085000
    603.7999878      0.0085000
    603.9000244      0.0085000
    604.0000000      0.0086000
    604.0999756      0.0086000
    604.2000122      0.0086000
    604.2999878      0.0086000
    604.4000244      0.0087000
    604.5000000      0.0087000
    604.5999756      0.0087000
    604.7000122      0.0088000
    604.7999878      0.0088000
    604.9000244      0.0088000
    605.0000000      0.0088000
    605.0999756      0.0089000
    605.2000122      0.0089000
    605.2999878      0.0089000
    605.4000244      0.0090000
    605.5000000      0.0090000
    605.5999756      0.0090000
    605.7000122      0.0090000
    605.7999878      0.0091000
    605.9000244      0.0091000
    606.0000000      0.0091000
    606.0999756      0.0091000
    606.2000122      0.0092000
    606.2999878      0.0092000
    606.4000244      0.0092000
    606.5000000      0.0092000
    606.5999756      0.0093000
    606.7000122      0.0093000
    606.7999878      0.0093000
    606.9000244      0.0093000
    607.0000000      0.0094000
    607.0999756      0.0094000
    607.2000122      0.0094000
    607.2999878      0.0094000
    607.4000244      0.0095000
    607.5000000      0.0095000
    607.5999756      0.0095000
    607.7000122      0.0095000
    607.7999878      0.0096000
    607.9000244      0.0096000
    608.0000000      0.0096000
    608.0999756      0.0096000
    608.2000122      0.0097000
    608.2999878      0.0097000
    608.4000244      0.0097000
    608.5000000      0.0097000
    608.5999756      0.0098000
    608.7000122      0.0098000
    608.7999878      0.0098000
    608.9000244      0.0098000
    609.0000000      0.0098000
    609.0999756      0.0099000
    609.2000122      0.0099000
    609.2999878      0.0099000
    609.4000244      0.0099000
    609.5000000      0.0099000
    609.5999756      0.0100000
    609.7000122      0.0100000
    609.7999878      0.0100000
    609.9000244      0.0100000
    610.0000000      0.0100000
    610.0999756      0.0101000
    610.2000122      0.0101000
    610.2999878      0.0101000
    610.4000244      0.0101000
    610.5000000      0.0101000
    610.5999756      0.0102000
    610.7000122      0.0102000
    610.7999878      0.0102000
    610.9000244      0.0102000
    611.0000000      0.0102000
    611.0999756      0.0103000
    611.2000122      0.0103000
    611.2999878      0.0103000
    611.4000244      0.0103000
    611.5000000      0.0103000
    611.5999756      0.0103000
    611.7000122      0.0104000
    611.7999878      0.0104000
    611.9000244      0.0104000
    612.0000000      0.0104000
    612.0999756      0.0104000
    612.2000122      0.0105000
    612.2999878      0.0105000
    612.4000244      0.0105000
    612.5000000      0.0105000
    612.5999756      0.0105000
    612.7000122      0.0105000
    612.7999878      0.0106000
    612.9000244      0.0106000
    613.0000000      0.0106000
    613.0999756      0.0106000
    613.2000122      0.0106000
    613.2999878      0.0107000
    613.4000244      0.0107000
    613.5000000      0.0107000
    613.5999756      0.0107000
    613.7000122      0.0107000
    613.7999878      0.0108000
    613.9000244      0.0108000
    614.0000000      0.0108000
    614.0999756      0.0108000
    614.2000122      0.0109000
    614.2999878      0.0109000
    614.4000244      0.0109000
    614.5000000      0.0109000
    614.5999756      0.0110000
    614.7000122      0.0110000
    614.7999878      0.0110000
    614.9000244      0.0110000
    615.0000000      0.0110000
    615.0999756      0.0111000
    615.2000122      0.0111000
    615.2999878      0.0111000
    615.4000244      0.0111000
    615.5000000      0.0111000
    615.5999756      0.0111000
    615.7000122      0.0112000
    615.7999878      0.0112000
    615.9000244      0.0112000
    616.0000000      0.0112000
    616.0999756      0.0112000
    616.2000122      0.0112000
    616.2999878      0.0113000
    616.4000244      0.0113000
    616.5000000      0.0113000
    616.5999756      0.0113000
    616.7000122      0.0113000
    616.7999878      0.0113000
    616.9000244      0.0113000
    617.0000000      0.0113000
    617.0999756      0.0114000
    617.2000122      0.0114000
    617.2999878      0.0114000
    617.4000244      0.0114000
    617.5000000      0.0114000
    617.5999756      0.0114000
    617.7000122      0.0114000
    617.7999878      0.0115000
    617.9000244      0.0115000
    618.0000000      0.0115000
    618.0999756      0.0115000
    618.2000122      0.0116000
    618.2999878      0.0116000
    618.4000244      0.0116000
    618.5000000      0.0117000
    618.5999756      0.0117000
    618.7000122      0.0118000
    618.7999878      0.0118000
    618.9000244      0.0118000
    619.0000000      0.0119000
    619.0999756      0.0119000
    619.2000122      0.0119000
    619.2999878      0.0120000
    619.4000244      0.0120000
    619.5000000      0.0121000
    619.5999756      0.0121000
    619.7000122      0.0122000
    619.7999878      0.0123000
    619.9000244      0.0124000
    620.0000000      0.0124000
    620.0999756      0.0125000
    620.2000122      0.0126000
    620.2999878      0.0127000
    620.4000244      0.0128000
    620.5000000      0.0128000
    620.5999756      0.0129000
    620.7000122      0.0130000
    620.7999878      0.0131000
    620.9000244      0.0131000
    621.0000000      0.0133000
    621.0999756      0.0134000
    621.2000122      0.0135000
    621.2999878      0.0137000
    621.4000244      0.0138000
    621.5000000      0.0140000
    621.5999756      0.0141000
    621.7000122      0.0142000
    621.7999878      0.0144000
    621.9000244      0.0145000
    622.0000000      0.0146000
    622.0999756      0.0148000
    622.2000122      0.0149000
    622.2999878      0.0151000
    622.4000244      0.0152000
    622.5000000      0.0154000
    622.5999756      0.0156000
    622.7000122      0.0158000
    622.7999878      0.0160000
    622.9000244      0.0162000
    623.0000000      0.0164000
    623.0999756      0.0166000
    623.2000122      0.0168000
    623.2999878      0.0170000
    623.4000244      0.0172000
    623.5000000      0.0174000
    623.5999756      0.0176000
    623.7000122      0.0178000
    623.7999878      0.0180000
    623.9000244      0.0182000
    624.0000000      0.0185000
    624.0999756      0.0187000
    624.2000122      0.0190000
    624.2999878      0.0193000
    624.4000244      0.0196000
    624.5000000      0.0198000
    624.5999756      0.0201000
    624.7000122      0.0204000
    624.7999878      0.0207000
    624.9000244      0.0209000
    625.0000000      0.0212000
    625.0999756      0.0215000
    625.2000122      0.0218000
    625.2999878      0.0220000
    625.4000244      0.0223000
    625.5000000      0.0226000
    625.5999756      0.0229000
    625.7000122      0.0232000
    625.7999878      0.0235000
    625.9000244      0.0239000
    626.0000000      0.0242000
    626.0999756      0.0245000
    626.2000122      0.0248000
    626.2999878      0.0251000
    626.4000244      0.0254000
    626.5000000      0.0258000
    626.5999756      0.0261000
    626.7000122      0.0264000
    626.7999878      0.0267000
    626.9000244      0.0270000
    627.0000000      0.0274000
    627.0999756      0.0277000
    627.2000122      0.0281000
    627.2999878      0.0284000
    627.4000244      0.0288000
    627.5000000      0.0292000
    627.5999756      0.0295000
    627.7000122      0.0299000
    627.7999878      0.0303000
    627.9000244      0.0306000
    628.0000000      0.0310000
    628.0999756      0.0314000
    628.2000122      0.0317000
    628.2999878      0.0321000
    628.4000244      0.0324000
    628.5000000      0.0328000
    628.5999756      0.0332000
    628.7000122      0.0337000
    628.7999878      0.0342000
    628.9000244      0.0346000
    629.0000000      0.0351000
    629.0999756      0.0355000
    629.2000122      0.0360000
    629.2999878      0.0365000
    629.4000244      0.0369000
    629.5000000      0.0374000
    629.5999756      0.0378000
    629.7000122      0.0383000
    629.7999878      0.0387000
    629.9000244      0.0392000
    630.0000000      0.0397000
    630.0999756      0.0402000
    630.2000122      0.0408000
    630.2999878      0.0413000
    630.4000244      0.0419000
    630.5000000      0.0425000
    630.5999756      0.0431000
    630.7000122      0.0436000
    630.7999878      0.0442000
    630.9000244      0.0448000
    631.0000000      0.0454000
    631.0999756      0.0459000
    631.2000122      0.0465000
    631.2999878      0.0471000
    631.4000244      0.0477000
    631.5000000      0.0482000
    631.5999756      0.0489000
    631.7000122      0.0496000
    631.7999878      0.0503000
    631.9000244      0.0511000
    632.0000000      0.0518000
    632.0999756      0.0525000
    632.2000122      0.0533000
    632.2999878      0.0540000
    632.4000244      0.0547000
    632.5000000      0.0555000
    632.5999756      0.0562000
    632.7000122      0.0569000
    632.7999878      0.0577000
    632.9000244      0.0584000
    633.0000000      0.0591000
    633.0999756      0.0599000
    633.2000122      0.0607000
    633.2999878      0.0615000
    633.4000244      0.0624000
    633.5000000      0.0632000
    633.5999756      0.0640000
    633.7000122      0.0648000
    633.7999878      0.0657000
    633.9000244      0.0665000
    634.0000000      0.0673000
    634.0999756      0.0682000
    634.2000122      0.0690000
    634.2999878      0.0698000
    634.4000244      0.0706000
    634.5000000      0.0715000
    634.5999756      0.0723000
    634.7000122      0.0732000
    634.7999878      0.0742000
    634.9000244      0.0751000
    635.0000000      0.0760000
    635.0999756      0.0770000
    635.2000122      0.0779000
    635.2999878      0.0788000
    635.4000244      0.0798000
    635.5000000      0.0807000
    635.5999756      0.0816000
    635.7000122      0.0826000
    635.7999878      0.0835000
    635.9000244      0.0845000
    636.0000000      0.0854000
    636.0999756      0.0864000
    636.2000122      0.0873000
    636.2999878      0.0883000
    636.4000244      0.0893000
    636.5000000      0.0903000
    636.5999756      0.0913000
    636.7000122      0.0924000
    636.7999878      0.0934000
    636.9000244      0.0944000
    637.0000000      0.0954000
    637.0999756      0.0964000
    637.2000122      0.0974000
    637.2999878      0.0984000
    637.4000244      0.0994000
    637.5000000      0.1004000
    637.5999756      0.1014000
    637.7000122      0.1024000
    637.7999878      0.1033000
    637.9000244      0.1043000
    638.0000000      0.1053000
    638.0999756      0.1062000
    638.2000122      0.1072000
    638.2999878      0.1081000
    638.4000244      0.1091000
    638.5000000      0.1100000
    638.5999756      0.1110000
    638.7000122      0.1119000
    638.7999878      0.1128000
    638.9000244      0.1138000
    639.0000000      0.1147000
    639.0999756      0.1156000
    639.2000122      0.1166000
    639.2999878      0.1177000
    639.4000244      0.1188000
    639.5000000      0.1199000
    639.5999756      0.1210000
    639.7000122      0.1221000
    639.7999878      0.1232000
    639.9000244      0.1243000
    640.0000000      0.1253000
    640.0999756      0.1264000
    640.2000122      0.1275000
    640.2999878      0.1286000
    640.4000244      0.1297000
    640.5000000      0.1307000
    640.5999756      0.1318000
    640.7000122      0.1329000
    640.7999878      0.1341000
    640.9000244      0.1354000
    641.0000000      0.1366000
    641.0999756      0.1378000
    641.2000122      0.1391000
    641.2999878      0.1403000
    641.4000244      0.1415000
    641.5000000      0.1427000
    641.5999756      0.1440000
    641.7000122      0.1452000
    641.7999878      0.1464000
    641.9000244      0.1476000
    642.0000000      0.1488000
    642.0999756      0.1500000
    642.2000122      0.1512000
    642.2999878      0.1526000
    642.4000244      0.1540000
    642.5000000      0.1554000
    642.5999756      0.1567000
    642.7000122      0.1581000
    642.7999878      0.1595000
    642.9000244      0.1609000
    643.0000000      0.1623000
    643.0999756      0.1636000
    643.2000122      0.1650000
    643.2999878      0.1664000
    643.4000244      0.1678000
    643.5000000      0.1692000
    643.5999756      0.1705000
    643.7000122      0.1719000
    643.7999878      0.1734000
    643.9000244      0.1750000
    644.0000000      0.1766000
    644.0999756      0.1782000
    644.2000122      0.1798000
    644.2999878      0.1814000
    644.4000244      0.1830000
    644.5000000      0.1846000
    644.5999756      0.1862000
    644.7000122      0.1878000
    644.7999878      0.1894000
    644.9000244      0.1910000
    645.0000000      0.1926000
    645.0999756      0.1942000
    645.2000122      0.1958000
    645.2999878      0.1975000
    645.4000244      0.1992000
    645.5000000      0.2010000
    645.5999756      0.2028000
    645.7000122      0.2046000
    645.7999878      0.2063000
    645.9000244      0.2081000
    646.0000000      0.2099000
    646.0999756      0.2117000
    646.2000122      0.2134000
    646.2999878      0.2152000
    646.4000244      0.2170000
    646.5000000      0.2188000
    646.5999756      0.2206000
    646.7000122      0.2224000
    646.7999878      0.2242000
    646.9000244      0.2258000
    647.0000000      0.2275000
    647.0999756      0.2292000
    647.2000122      0.2309000
    647.2999878      0.2325000
    647.4000244      0.2342000
    647.5000000      0.2359000
    647.5999756      0.2376000
    647.7000122      0.2392000
    647.7999878      0.2409000
    647.9000244      0.2426000
    648.0000000      0.2442000
    648.0999756      0.2459000
    648.2000122      0.2476000
    648.2999878      0.2492000
    648.4000244      0.2508000
    648.5000000      0.2523000
    648.5999756      0.2539000
    648.7000122      0.2554000
    648.7999878      0.2570000
    648.9000244      0.2585000
    649.0000000      0.2600000
    649.0999756      0.2616000
    649.2000122      0.2631000
    649.2999878      0.2646000
    649.4000244      0.2662000
    649.5000000      0.2677000
    649.5999756      0.2692000
    649.7000122      0.2707000
    649.7999878      0.2722000
    649.9000244      0.2736000
    650.0000000      0.2750000
    650.0999756      0.2763000
    650.2000122      0.2776000
    650.2999878      0.2789000
    650.4000244      0.2802000
    650.5000000      0.2815000
    650.5999756      0.2829000
    650.7000122      0.2842000
    650.7999878      0.2855000
    650.9000244      0.2868000
    651.0000000      0.2881000
    651.0999756      0.2894000
    651.2000122      0.2907000
    651.2999878      0.2920000
    651.4000244      0.2931000
    651.5000000      0.2940000
    651.5999756      0.2950000
    651.7000122      0.2959000
    651.7999878      0.2968000
    651.9000244      0.2978000
    652.0000000      0.2987000
    652.0999756      0.2996000
    652.2000122      0.3005000
    652.2999878      0.3015000
    652.4000244      0.3024000
    652.5000000      0.3033000
    652.5999756      0.3042000
    652.7000122      0.3051000
    652.7999878      0.3060000
    652.9000244      0.3070000
    653.0000000      0.3083000
    653.0999756      0.3095000
    653.2000122      0.3108000
    653.2999878      0.3121000
    653.4000244      0.3134000
    653.5000000      0.3147000
    653.5999756      0.3159000
    653.7000122      0.3172000
    653.7999878      0.3185000
    653.9000244      0.3198000
    654.0000000      0.3210000
    654.0999756      0.3223000
    654.2000122      0.3236000
    654.2999878      0.3249000
    654.4000244      0.3262000
    654.5000000      0.3275000
    654.5999756      0.3288000
    654.7000122      0.3301000
    654.7999878      0.3315000
    654.9000244      0.3328000
    655.0000000      0.3341000
    655.0999756      0.3354000
    655.2000122      0.3368000
    655.2999878      0.3381000
    655.4000244      0.3394000
    655.5000000      0.3408000
    655.5999756      0.3421000
    655.7000122      0.3434000
    655.7999878      0.3448000
    655.9000244      0.3461000
    656.0000000      0.3474000
    656.0999756      0.3486000
    656.2000122      0.3498000
    656.2999878      0.3510000
    656.4000244      0.3523000
    656.5000000      0.3535000
    656.5999756      0.3547000
    656.7000122      0.3560000
    656.7999878      0.3572000
    656.9000244      0.3584000
    657.0000000      0.3597000
    657.0999756      0.3609000
    657.2000122      0.3622000
    657.2999878      0.3634000
    657.4000244      0.3646000
    657.5000000      0.3656000
    657.5999756      0.3666000
    657.7000122      0.3675000
    657.7999878      0.3684000
    657.9000244      0.3693000
    658.0000000      0.3702000
    658.0999756      0.3711000
    658.2000122      0.3720000
    658.2999878      0.3729000
    658.4000244      0.3738000
    658.5000000      0.3747000
    658.5999756      0.3756000
    658.7000122      0.3765000
    658.7999878      0.3774000
    658.9000244      0.3783000
    659.0000000      0.3790000
    659.0999756      0.3794000
    659.2000122      0.3798000
    659.2999878      0.3803000
    659.4000244      0.3807000
    659.5000000      0.3811000
    659.5999756      0.3815000
    659.7000122      0.3819000
    659.7999878      0.3823000
    659.9000244      0.3827000
    660.0000000      0.3831000
    660.0999756      0.3835000
    660.2000122      0.3840000
    660.2999878      0.3844000
    660.4000244      0.3848000
    660.5000000      0.3852000
    660.5999756      0.3857000
    660.7000122      0.3863000
    660.7999878      0.3868000
    660.9000244      0.3873000
    661.0000000      0.3879000
    661.0999756      0.3884000
    661.2000122      0.3889000
    661.2999878      0.3895000
    661.4000244      0.3900000
    661.5000000      0.3905000
    661.5999756      0.3911000
    661.7000122      0.3916000
    661.7999878      0.3921000
    661.9000244      0.3927000
    662.0000000      0.3932000
    662.0999756      0.3931000
    662.2000122      0.3930000
    662.2999878      0.3929000
    662.4000244      0.3928000
    662.5000000      0.3927000
    662.5999756      0.3925000
    662.7000122      0.3924000
    662.7999878      0.3923000
    662.9000244      0.3922000
    663.0000000      0.3921000
    663.0999756      0.3920000
    663.2000122      0.3919000
    663.2999878      0.3917000
    663.4000244      0.3916000
    663.5000000      0.3915000
    663.5999756      0.3916000
    663.7000122      0.3918000
    663.7999878      0.3919000
    663.9000244      0.3921000
    664.0000000      0.3922000
    664.0999756      0.3923000
    664.2000122      0.3925000
    664.2999878      0.3926000
    664.4000244      0.3928000
    664.5000000      0.3929000
    664.5999756      0.3931000
    664.7000122      0.3932000
    664.7999878      0.3934000
    664.9000244      0.3935000
    665.0000000      0.3937000
    665.0999756      0.3938000
    665.2000122      0.3940000
    665.2999878      0.3941000
    665.4000244      0.3943000
    665.5000000      0.3945000
    665.5999756      0.3946000
    665.7000122      0.3948000
    665.7999878      0.3950000
    665.9000244      0.3951000
    666.0000000      0.3953000
    666.0999756      0.3955000
    666.2000122      0.3956000
    666.2999878      0.3958000
    666.4000244      0.3960000
    666.5000000      0.3961000
    666.5999756      0.3963000
    666.7000122      0.3965000
    666.7999878      0.3967000
    666.9000244      0.3968000
    667.0000000      0.3970000
    667.0999756      0.3972000
    667.2000122      0.3974000
    667.2999878      0.3975000
    667.4000244      0.3977000
    667.5000000      0.3979000
    667.5999756      0.3981000
    667.7000122      0.3982000
    667.7999878      0.3984000
    667.9000244      0.3986000
    668.0000000      0.3988000
    668.0999756      0.3990000
    668.2000122      0.3994000
    668.2999878      0.3999000
    668.4000244      0.4003000
    668.5000000      0.4008000
    668.5999756      0.4013000
    668.7000122      0.4017000
    668.7999878      0.4022000
    668.9000244      0.4026000
    669.0000000      0.4031000
    669.0999756      0.4036000
    669.2000122      0.4040000
    669.2999878      0.4045000
    669.4000244      0.4049000
    669.5000000      0.4054000
    669.5999756      0.4059000
    669.7000122      0.4057000
    669.7999878      0.4056000
    669.9000244      0.4054000
    670.0000000      0.4052000
    670.0999756      0.4050000
    670.2000122      0.4048000
    670.2999878      0.4046000
    670.4000244      0.4044000
    670.5000000      0.4042000
    670.5999756      0.4040000
    670.7000122      0.4038000
    670.7999878      0.4036000
    670.9000244      0.4034000
    671.0000000      0.4033000
    671.0999756      0.4031000
    671.2000122      0.4031000
    671.2999878      0.4032000
    671.4000244      0.4034000
    671.5000000      0.4036000
    671.5999756      0.4037000
    671.7000122      0.4039000
    671.7999878      0.4040000
    671.9000244      0.4042000
    672.0000000      0.4043000
    672.0999756      0.4045000
    672.2000122      0.4046000
    672.2999878      0.4048000
    672.4000244      0.4049000
    672.5000000      0.4051000
    672.5999756      0.4052000
    672.7000122      0.4053000
    672.7999878      0.4052000
    672.9000244      0.4051000
    673.0000000      0.4050000
    673.0999756      0.4050000
    673.2000122      0.4049000
    673.2999878      0.4048000
    673.4000244      0.4047000
    673.5000000      0.4047000
    673.5999756      0.4046000
    673.7000122      0.4045000
    673.7999878      0.4044000
    673.9000244      0.4044000
    674.0000000      0.4043000
    674.0999756      0.4042000
    674.2000122      0.4041000
    674.2999878      0.4039000
    674.4000244      0.4037000
    674.5000000      0.4035000
    674.5999756      0.4033000
    674.7000122      0.4031000
    674.7999878      0.4029000
    674.9000244      0.4026000
    675.0000000      0.4024000
    675.0999756      0.4022000
    675.2000122      0.4020000
    675.2999878      0.4018000
    675.4000244      0.4016000
    675.5000000      0.4014000
    675.5999756      0.4012000
    675.7000122      0.4010000
    675.7999878      0.4008000
    675.9000244      0.4007000
    676.0000000      0.4006000
    676.0999756      0.4004000
    676.2000122      0.4003000
    676.2999878      0.4002000
    676.4000244      0.4000000
    676.5000000      0.3999000
    676.5999756      0.3998000
    676.7000122      0.3996000
    676.7999878      0.3995000
    676.9000244      0.3994000
    677.0000000      0.3992000
    677.0999756      0.3991000
    677.2000122      0.3990000
    677.2999878      0.3986000
    677.4000244      0.3982000
    677.5000000      0.3978000
    677.5999756      0.3974000
    677.7000122      0.3970000
    677.7999878      0.3966000
    677.9000244      0.3962000
    678.0000000      0.3958000
    678.0999756      0.3954000
    678.2000122      0.3950000
    678.2999878      0.3946000
    678.4000244      0.3942000
    678.5000000      0.3938000
    678.5999756      0.3934000
    678.7000122      0.3930000
    678.7999878      0.3927000
    678.9000244      0.3925000
    679.0000000      0.3923000
    679.0999756      0.3921000
    679.2000122      0.3918000
    679.2999878      0.3916000
    679.4000244      0.3914000
    679.5000000      0.3912000
    679.5999756      0.3910000
    679.7000122      0.3908000
    679.7999878      0.3905000
    679.9000244      0.3903000
    680.0000000      0.3901000
    680.0999756      0.3899000
    680.2000122      0.3897000
    680.2999878      0.3894000
    680.4000244      0.3891000
    680.5000000      0.3887000
    680.5999756      0.3884000
    680.7000122      0.3881000
    680.7999878      0.3878000
    680.9000244      0.3874000
    681.0000000      0.3871000
    681.0999756      0.3868000
    681.2000122      0.3864000
    681.2999878      0.3861000
    681.4000244      0.3858000
    681.5000000      0.3854000
    681.5999756      0.3851000
    681.7000122      0.3847000
    681.7999878      0.3843000
    681.9000244      0.3835000
    682.0000000      0.3827000
    682.0999756      0.3819000
    682.2000122      0.3811000
    682.2999878      0.3803000
    682.4000244      0.3795000
    682.5000000      0.3787000
    682.5999756      0.3779000
    682.7000122      0.3771000
    682.7999878      0.3763000
    682.9000244      0.3755000
    683.0000000      0.3747000
    683.0999756      0.3738000
    683.2000122      0.3730000
    683.2999878      0.3722000
    683.4000244      0.3707000
    683.5000000      0.3691000
    683.5999756      0.3676000
    683.7000122      0.3660000
    683.7999878      0.3645000
    683.9000244      0.3629000
    684.0000000      0.3614000
    684.0999756      0.3598000
    684.2000122      0.3583000
    684.2999878      0.3567000
    684.4000244      0.3552000
    684.5000000      0.3536000
    684.5999756      0.3521000
    684.7000122      0.3505000
    684.7999878      0.3490000
    684.9000244      0.3471000
    685.0000000      0.3451000
    685.0999756      0.3431000
    685.2000122      0.3411000
    685.2999878      0.3391000
    685.4000244      0.3370000
    685.5000000      0.3350000
    685.5999756      0.3330000
    685.7000122      0.3310000
    685.7999878      0.3290000
    685.9000244      0.3270000
    686.0000000      0.3250000
    686.0999756      0.3231000
    686.2000122      0.3211000
    686.2999878      0.3191000
    686.4000244      0.3171000
    686.5000000      0.3151000
    686.5999756      0.3131000
    686.7000122      0.3111000
    686.7999878      0.3091000
    686.9000244      0.3072000
    687.0000000      0.3052000
    687.0999756      0.3032000
    687.2000122      0.3012000
    687.2999878      0.2992000
    687.4000244      0.2972000
    687.5000000      0.2953000
    687.5999756      0.2933000
    687.7000122      0.2913000
    687.7999878      0.2893000
    687.9000244      0.2873000
    688.0000000      0.2851000
    688.0999756      0.2829000
    688.2000122      0.2807000
    688.2999878      0.2785000
    688.4000244      0.2764000
    688.5000000      0.2742000
    688.5999756      0.2720000
    688.7000122      0.2699000
    688.7999878      0.2677000
    688.9000244      0.2655000
    689.0000000      0.2634000
    689.0999756      0.2612000
    689.2000122      0.2591000
    689.2999878      0.2569000
    689.4000244      0.2548000
    689.5000000      0.2528000
    689.5999756      0.2508000
    689.7000122      0.2489000
    689.7999878      0.2469000
    689.9000244      0.2449000
    690.0000000      0.2429000
    690.0999756      0.2410000
    690.2000122      0.2390000
    690.2999878      0.2370000
    690.4000244      0.2350000
    690.5000000      0.2331000
    690.5999756      0.2311000
    690.7000122      0.2291000
    690.7999878      0.2272000
    690.9000244      0.2252000
    691.0000000      0.2234000
    691.0999756      0.2216000
    691.2000122      0.2199000
    691.2999878      0.2181000
    691.4000244      0.2163000
    691.5000000      0.2145000
    691.5999756      0.2128000
    691.7000122      0.2110000
    691.7999878      0.2092000
    691.9000244      0.2074000
    692.0000000      0.2056000
    692.0999756      0.2038000
    692.2000122      0.2020000
    692.2999878      0.2002000
    692.4000244      0.1984000
    692.5000000      0.1967000
    692.5999756      0.1949000
    692.7000122      0.1931000
    692.7999878      0.1914000
    692.9000244      0.1896000
    693.0000000      0.1878000
    693.0999756      0.1861000
    693.2000122      0.1843000
    693.2999878      0.1825000
    693.4000244      0.1807000
    693.5000000      0.1790000
    693.5999756      0.1772000
    693.7000122      0.1754000
    693.7999878      0.1736000
    693.9000244      0.1718000
    694.0000000      0.1701000
    694.0999756      0.1684000
    694.2000122      0.1666000
    694.2999878      0.1649000
    694.4000244      0.1632000
    694.5000000      0.1615000
    694.5999756      0.1598000
    694.7000122      0.1581000
    694.7999878      0.1564000
    694.9000244      0.1547000
    695.0000000      0.1530000
    695.0999756      0.1513000
    695.2000122      0.1495000
    695.2999878      0.1478000
    695.4000244      0.1461000
    695.5000000      0.1444000
    695.5999756      0.1429000
    695.7000122      0.1413000
    695.7999878      0.1398000
    695.9000244      0.1382000
    696.0000000      0.1366000
    696.0999756      0.1351000
    696.2000122      0.1335000
    696.2999878      0.1320000
    696.4000244      0.1304000
    696.5000000      0.1289000
    696.5999756      0.1273000
    696.7000122      0.1258000
    696.7999878      0.1242000
    696.9000244      0.1227000
    697.0000000      0.1212000
    697.0999756      0.1198000
    697.2000122      0.1186000
    697.2999878      0.1173000
    697.4000244      0.1160000
    697.5000000      0.1147000
    697.5999756      0.1134000
    697.7000122      0.1121000
    697.7999878      0.1108000
    697.9000244      0.1095000
    698.0000000      0.1082000
    698.0999756      0.1069000
    698.2000122      0.1056000
    698.2999878      0.1043000
    698.4000244      0.1030000
    698.5000000      0.1017000
    698.5999756      0.1005000
    698.7000122      0.0994000
    698.7999878      0.0982000
    698.9000244      0.0971000
    699.0000000      0.0959000
    699.0999756      0.0948000
    699.2000122      0.0936000
    699.2999878      0.0925000
    699.4000244      0.0914000
    699.5000000      0.0902000
    699.5999756      0.0891000
    699.7000122      0.0880000
    699.7999878      0.0868000
    699.9000244      0.0857000
    700.0000000      0.0846000
    700.0999756      0.0835000
    700.2000122      0.0826000
    700.2999878      0.0817000
    700.4000244      0.0808000
    700.5000000      0.0799000
    700.5999756      0.0789000
    700.7000122      0.0780000
    700.7999878      0.0771000
    700.9000244      0.0762000
    701.0000000      0.0752000
    701.0999756      0.0743000
    701.2000122      0.0734000
    701.2999878      0.0725000
    701.4000244      0.0716000
    701.5000000      0.0707000
    701.5999756      0.0698000
    701.7000122      0.0691000
    701.7999878      0.0683000
    701.9000244      0.0676000
    702.0000000      0.0669000
    702.0999756      0.0661000
    702.2000122      0.0654000
    702.2999878      0.0646000
    702.4000244      0.0639000
    702.5000000      0.0632000
    702.5999756      0.0624000
    702.7000122      0.0617000
    702.7999878      0.0609000
    702.9000244      0.0602000
    703.0000000      0.0595000
    703.0999756      0.0587000
    703.2000122      0.0581000
    703.2999878      0.0575000
    703.4000244      0.0569000
    703.5000000      0.0563000
    703.5999756      0.0557000
    703.7000122      0.0551000
    703.7999878      0.0544000
    703.9000244      0.0538000
    704.0000000      0.0532000
    704.0999756      0.0526000
    704.2000122      0.0520000
    704.2999878      0.0514000
    704.4000244      0.0507000
    704.5000000      0.0501000
    704.5999756      0.0495000
    704.7000122      0.0490000
    704.7999878      0.0484000
    704.9000244      0.0479000
    705.0000000      0.0474000
    705.0999756      0.0469000
    705.2000122      0.0464000
    705.2999878      0.0459000
    705.4000244      0.0453000
    705.5000000      0.0448000
    705.5999756      0.0443000
    705.7000122      0.0438000
    705.7999878      0.0433000
    705.9000244      0.0427000
    706.0000000      0.0422000
    706.0999756      0.0417000
    706.2000122      0.0412000
    706.2999878      0.0408000
    706.4000244      0.0403000
    706.5000000      0.0399000
    706.5999756      0.0394000
    706.7000122      0.0390000
    706.7999878      0.0386000
    706.9000244      0.0381000
    707.0000000      0.0377000
    707.0999756      0.0372000
    707.2000122      0.0368000
    707.2999878      0.0363000
    707.4000244      0.0359000
    707.5000000      0.0355000
    707.5999756      0.0350000
    707.7000122      0.0346000
    707.7999878      0.0342000
    707.9000244      0.0339000
    708.0000000      0.0335000
    708.0999756      0.0332000
    708.2000122      0.0328000
    708.2999878      0.0324000
    708.4000244      0.0321000
    708.5000000      0.0317000
    708.5999756      0.0314000
    708.7000122      0.0310000
    708.7999878      0.0306000
    708.9000244      0.0303000
    709.0000000      0.0299000
    709.0999756      0.0296000
    709.2000122      0.0292000
    709.2999878      0.0289000
    709.4000244      0.0286000
    709.5000000      0.0284000
    709.5999756      0.0281000
    709.7000122      0.0278000
    709.7999878      0.0275000
    709.9000244      0.0272000
    710.0000000      0.0269000
    710.0999756      0.0266000
    710.2000122      0.0264000
    710.2999878      0.0261000
    710.4000244      0.0258000
    710.5000000      0.0255000
    710.5999756      0.0252000
    710.7000122      0.0249000
    710.7999878      0.0247000
    710.9000244      0.0245000
    711.0000000      0.0242000
    711.0999756      0.0240000
    711.2000122      0.0238000
    711.2999878      0.0236000
    711.4000244      0.0233000
    711.5000000      0.0231000
    711.5999756      0.0229000
    711.7000122      0.0226000
    711.7999878      0.0224000
    711.9000244      0.0222000
    712.0000000      0.0220000
    712.0999756      0.0217000
    712.2000122      0.0215000
    712.2999878      0.0213000
    712.4000244      0.0211000
    712.5000000      0.0209000
    712.5999756      0.0207000
    712.7000122      0.0205000
    712.7999878      0.0203000
    712.9000244      0.0201000
    713.0000000      0.0199000
    713.0999756      0.0197000
    713.2000122      0.0195000
    713.2999878      0.0193000
    713.4000244      0.0192000
    713.5000000      0.0190000
    713.5999756      0.0188000
    713.7000122      0.0186000
    713.7999878      0.0184000
    713.9000244      0.0182000
    714.0000000      0.0181000
    714.0999756      0.0179000
    714.2000122      0.0178000
    714.2999878      0.0176000
    714.4000244      0.0175000
    714.5000000      0.0173000
    714.5999756      0.0171000
    714.7000122      0.0170000
    714.7999878      0.0168000
    714.9000244      0.0167000
    715.0000000      0.0165000
    715.0999756      0.0164000
    715.2000122      0.0162000
    715.2999878      0.0161000
    715.4000244      0.0159000
    715.5000000      0.0158000
    715.5999756      0.0157000
    715.7000122      0.0155000
    715.7999878      0.0154000
    715.9000244      0.0153000
    716.0000000      0.0151000
    716.0999756      0.0150000
    716.2000122      0.0149000
    716.2999878      0.0147000
    716.4000244      0.0146000
    716.5000000      0.0145000
    716.5999756      0.0144000
    716.7000122      0.0142000
    716.7999878      0.0141000
    716.9000244      0.0140000
    717.0000000      0.0139000
    717.0999756      0.0138000
    717.2000122      0.0136000
    717.2999878      0.0135000
    717.4000244      0.0134000
    717.5000000      0.0133000
    717.5999756      0.0132000
    717.7000122      0.0131000
    717.7999878      0.0130000
    717.9000244      0.0128000
    718.0000000      0.0127000
    718.0999756      0.0126000
    718.2000122      0.0125000
    718.2999878      0.0124000
    718.4000244      0.0123000
    718.5000000      0.0122000
    718.5999756      0.0121000
    718.7000122      0.0120000
    718.7999878      0.0119000
    718.9000244      0.0118000
    719.0000000      0.0117000
    719.0999756      0.0116000
    719.2000122      0.0115000
    719.2999878      0.0114000
    719.4000244      0.0113000
    719.5000000      0.0112000
    719.5999756      0.0111000
    719.7000122      0.0110000
    719.7999878      0.0109000
    719.9000244      0.0108000
    720.0000000      0.0107000
    720.0999756      0.0107000
    720.2000122      0.0106000
    720.2999878      0.0105000
    720.4000244      0.0104000
    720.5000000      0.0103000
    720.5999756      0.0102000
    720.7000122      0.0102000
    720.7999878      0.0101000
    720.9000244      0.0100000
    721.0000000      0.0099000
    721.0999756      0.0098000
    721.2000122      0.0098000
    721.2999878      0.0097000
    721.4000244      0.0096000
    721.5000000      0.0095000
    721.5999756      0.0095000
    721.7000122      0.0094000
    721.7999878      0.0093000
    721.9000244      0.0093000
    722.0000000      0.0092000
    722.0999756      0.0091000
    722.2000122      0.0090000
    722.2999878      0.0090000
    722.4000244      0.0089000
    722.5000000      0.0088000
    722.5999756      0.0088000
    722.7000122      0.0087000
    722.7999878      0.0086000
    722.9000244      0.0086000
    723.0000000      0.0085000
    723.0999756      0.0084000
    723.2000122      0.0084000
    723.2999878      0.0083000
    723.4000244      0.0082000
    723.5000000      0.0082000
    723.5999756      0.0081000
    723.7000122      0.0081000
    723.7999878      0.0080000
    723.9000244      0.0079000
    724.0000000      0.0079000
    724.0999756      0.0078000
    724.2000122      0.0077000
    724.2999878      0.0077000
    724.4000244      0.0076000
    724.5000000      0.0076000
    724.5999756      0.0075000
    724.7000122      0.0075000
    724.7999878      0.0074000
    724.9000244      0.0074000
    725.0000000      0.0073000
    725.0999756      0.0073000
    725.2000122      0.0072000
    725.2999878      0.0072000
    725.4000244      0.0071000
    725.5000000      0.0071000
    725.5999756      0.0070000
    725.7000122      0.0070000
    725.7999878      0.0069000
    725.9000244      0.0069000
    726.0000000      0.0068000
    726.0999756      0.0068000
    726.2000122      0.0067000
    726.2999878      0.0067000
    726.4000244      0.0066000
    726.5000000      0.0066000
    726.5999756      0.0065000
    726.7000122      0.0065000
    726.7999878      0.0065000
    726.9000244      0.0064000
    727.0000000      0.0064000
    727.0999756      0.0063000
    727.2000122      0.0063000
    727.2999878      0.0062000
    727.4000244      0.0062000
    727.5000000      0.0062000
    727.5999756      0.0061000
    727.7000122      0.0061000
    727.7999878      0.0060000
    727.9000244      0.0060000
    728.0000000      0.0060000
    728.0999756      0.0059000
    728.2000122      0.0059000
    728.2999878      0.0058000
    728.4000244      0.0058000
    728.5000000      0.0057000
    728.5999756      0.0057000
    728.7000122      0.0057000
    728.7999878      0.0056000
    728.9000244      0.0056000
    729.0000000      0.0055000
    729.0999756      0.0055000
    729.2000122      0.0055000
    729.2999878      0.0054000
    729.4000244      0.0054000
    729.5000000      0.0054000
    729.5999756      0.0053000
    729.7000122      0.0053000
    729.7999878      0.0053000
    729.9000244      0.0052000
    730.0000000      0.0052000
    730.0999756      0.0052000
    730.2000122      0.0051000
    730.2999878      0.0051000
    730.4000244      0.0050000
    730.5000000      0.0050000
    730.5999756      0.0050000
    730.7000122      0.0049000
    730.7999878      0.0049000
    730.9000244      0.0049000
    731.0000000      0.0048000
    731.0999756      0.0048000
    731.2000122      0.0048000
    731.2999878      0.0047000
    731.4000244      0.0047000
    731.5000000      0.0046000
    731.5999756      0.0046000
    731.7000122      0.0046000
    731.7999878      0.0045000
    731.9000244      0.0045000
    732.0000000      0.0045000
    732.0999756      0.0044000
    732.2000122      0.0044000
    732.2999878      0.0043000
    732.4000244      0.0043000
    732.5000000      0.0043000
    732.5999756      0.0042000
    732.7000122      0.0042000
    732.7999878      0.0042000
    732.9000244      0.0041000
    733.0000000      0.0041000
    733.0999756      0.0040000
    733.2000122      0.0040000
    733.2999878      0.0040000
    733.4000244      0.0039000
    733.5000000      0.0039000
    733.5999756      0.0039000
    733.7000122      0.0038000
    733.7999878      0.0038000
    733.9000244      0.0038000
    734.0000000      0.0037000
    734.0999756      0.0037000
    734.2000122      0.0037000
    734.2999878      0.0036000
    734.4000244      0.0036000
    734.5000000      0.0036000
    734.5999756      0.0035000
    734.7000122      0.0035000
    734.7999878      0.0035000
    734.9000244      0.0034000
    735.0000000      0.0034000
    735.0999756      0.0034000
    735.2000122      0.0034000
    735.2999878      0.0033000
    735.4000244      0.0033000
    735.5000000      0.0033000
    735.5999756      0.0033000
    735.7000122      0.0032000
    735.7999878      0.0032000
    735.9000244      0.0032000
    736.0000000      0.0032000
    736.0999756      0.0031000
    736.2000122      0.0031000
    736.2999878      0.0031000
    736.4000244      0.0031000
    736.5000000      0.0030000
    736.5999756      0.0030000
    736.7000122      0.0030000
    736.7999878      0.0030000
    736.9000244      0.0030000
    737.0000000      0.0029000
    737.0999756      0.0029000
    737.2000122      0.0029000
    737.2999878      0.0029000
    737.4000244      0.0028000
    737.5000000      0.0028000
    737.5999756      0.0028000
    737.7000122      0.0028000
    737.7999878      0.0028000
    737.9000244      0.0027000
    738.0000000      0.0027000
    738.0999756      0.0027000
    738.2000122      0.0027000
    738.2999878      0.0027000
    738.4000244      0.0026000
    738.5000000      0.0026000
    738.5999756      0.0026000
    738.7000122      0.0026000
    738.7999878      0.0026000
    738.9000244      0.0026000
    739.0000000      0.0025000
    739.0999756      0.0025000
    739.2000122      0.0025000
    739.2999878      0.0025000
    739.4000244      0.0025000
    739.5000000      0.0025000
    739.5999756      0.0024000
    739.7000122      0.0024000
    739.7999878      0.0024000
    739.9000244      0.0024000
    740.0000000      0.0024000
    740.0999756      0.0024000
    740.2000122      0.0024000
    740.2999878      0.0023000
    740.4000244      0.0023000
    740.5000000      0.0023000
    740.5999756      0.0023000
    740.7000122      0.0023000
    740.7999878      0.0023000
    740.9000244      0.0022000
    741.0000000      0.0022000
    741.0999756      0.0022000
    741.2000122      0.0022000
    741.2999878      0.0022000
    741.4000244      0.0022000
    741.5000000      0.0021000
    741.5999756      0.0021000
    741.7000122      0.0021000
    741.7999878      0.0021000
    741.9000244      0.0021000
    742.0000000      0.0021000
    742.0999756      0.0020000
    742.2000122      0.0020000
    742.2999878      0.0020000
    742.4000244      0.0020000
    742.5000000      0.0020000
    742.5999756      0.0020000
    742.7000122      0.0019000
    742.7999878      0.0019000
    742.9000244      0.0019000
    743.0000000      0.0019000
    743.0999756      0.0019000
    743.2000122      0.0018000
    743.2999878      0.0018000
    743.4000244      0.0018000
    743.5000000      0.0018000
    743.5999756      0.0018000
    743.7000122      0.0018000
    743.7999878      0.0017000
    743.9000244      0.0017000
    744.0000000      0.0017000
    744.0999756      0.0017000
    744.2000122      0.0017000
    744.2999878      0.0017000
    744.4000244      0.0016000
    744.5000000      0.0016000
    744.5999756      0.0016000
    744.7000122      0.0016000
    744.7999878      0.0016000
    744.9000244      0.0016000
    745.0000000      0.0016000
    745.0999756      0.0016000
    745.2000122      0.0015000
    745.2999878      0.0015000
    745.4000244      0.0015000
    745.5000000      0.0015000
    745.5999756      0.0015000
    745.7000122      0.0015000
    745.7999878      0.0015000
    745.9000244      0.0015000
    746.0000000      0.0015000
    746.0999756      0.0015000
    746.2000122      0.0014000
    746.2999878      0.0014000
    746.4000244      0.0014000
    746.5000000      0.0014000
    746.5999756      0.0014000
    746.7000122      0.0014000
    746.7999878      0.0014000
    746.9000244      0.0014000
    747.0000000      0.0014000
    747.0999756      0.0014000
    747.2000122      0.0014000
    747.2999878      0.0014000
    747.4000244      0.0014000
    747.5000000      0.0013000
    747.5999756      0.0013000
    747.7000122      0.0013000
    747.7999878      0.0013000
    747.9000244      0.0013000
    748.0000000      0.0013000
    748.0999756      0.0013000
    748.2000122      0.0013000
    748.2999878      0.0013000
    748.4000244      0.0013000
    748.5000000      0.0013000
    748.5999756      0.0013000
    748.7000122      0.0013000
    748.7999878      0.0013000
    748.9000244      0.0013000
    749.0000000      0.0013000
    749.0999756      0.0013000
    749.2000122      0.0013000
    749.2999878      0.0013000
    749.4000244      0.0013000
    749.5000000      0.0013000
    749.5999756      0.0012000
    749.7000122      0.0012000
    749.7999878      0.0012000
    749.9000244      0.0012000
    750.0000000      0.0012000
    750.0999756      0.0012000
    750.2000122      0.0012000
    750.2999878      0.0012000
    750.4000244      0.0012000
    750.5000000      0.0012000
    750.5999756      0.0012000
    750.7000122      0.0012000
    750.7999878      0.0012000
    750.9000244      0.0012000
    751.0000000      0.0012000
    751.0999756      0.0012000
    751.2000122      0.0012000
    751.2999878      0.0012000
    751.4000244      0.0012000
    751.5000000      0.0012000
    751.5999756      0.0012000
    751.7000122      0.0012000
    751.7999878      0.0012000
    751.9000244      0.0012000
    752.0000000      0.0012000
    752.0999756      0.0012000
    752.2000122      0.0012000
    752.2999878      0.0011000
    752.4000244      0.0011000
    752.5000000      0.0011000
    752.5999756      0.0011000
    752.7000122      0.0011000
    752.7999878      0.0011000
    752.9000244      0.0011000
    753.0000000      0.0011000
    753.0999756      0.0011000
    753.2000122      0.0011000
    753.2999878      0.0011000
    753.4000244      0.0011000
    753.5000000      0.0011000
    753.5999756      0.0011000
    753.7000122      0.0011000
    753.7999878      0.0010000
    753.9000244      0.0010000
    754.0000000      0.0010000
    754.0999756      0.0010000
    754.2000122      0.0010000
    754.2999878      0.0010000
    754.4000244      0.0010000
    754.5000000      0.0010000
    754.5999756      0.0010000
    754.7000122      0.0010000
    754.7999878      0.0010000
    754.9000244      0.0010000
    755.0000000      0.0010000
    755.0999756      0.0010000
    755.2000122      0.0010000
    755.2999878      0.0010000
    755.4000244      0.0009000
    755.5000000      0.0009000
    755.5999756      0.0009000
    755.7000122      0.0009000
    755.7999878      0.0009000
    755.9000244      0.0009000
    756.0000000      0.0009000
    756.0999756      0.0009000
    756.2000122      0.0009000
    756.2999878      0.0009000
    756.4000244      0.0009000
    756.5000000      0.0009000
    756.5999756      0.0009000
    756.7000122      0.0009000
    756.7999878      0.0009000
    756.9000244      0.0009000
    757.0000000      0.0008000
    757.0999756      0.0008000
    757.2000122      0.0008000
    757.2999878      0.0008000
    757.4000244      0.0008000
    757.5000000      0.0008000
    757.5999756      0.0008000
    757.7000122      0.0008000
    757.7999878      0.0008000
    757.9000244      0.0008000
    758.0000000      0.0008000
    758.0999756      0.0008000
    758.2000122      0.0008000
    758.2999878      0.0008000
    758.4000244      0.0008000
    758.5000000      0.0008000
    758.5999756      0.0008000
    758.7000122      0.0008000
    758.7999878      0.0008000
    758.9000244      0.0008000
    759.0000000      0.0007000
    759.0999756      0.0007000
    759.2000122      0.0007000
    759.2999878      0.0007000
    759.4000244      0.0007000
    759.5000000      0.0007000
    759.5999756      0.0007000
    759.7000122      0.0007000
    759.7999878      0.0007000
    759.9000244      0.0007000
    760.0000000      0.0007000
    760.0999756      0.0007000
    760.2000122      0.0007000
    760.2999878      0.0007000
    760.4000244      0.0007000
    760.5000000      0.0007000
    760.5999756      0.0007000
    760.7000122      0.0007000
    760.7999878      0.0007000
    760.9000244      0.0007000
    761.0000000      0.0007000
    761.0999756      0.0007000
    761.2000122      0.0007000
    761.2999878      0.0007000
    761.4000244      0.0007000
    761.5000000      0.0007000
    761.5999756      0.0007000
    761.7000122      0.0006000
    761.7999878      0.0006000
    761.9000244      0.0006000
    762.0000000      0.0006000
    762.0999756      0.0006000
    762.2000122      0.0006000
    762.2999878      0.0006000
    762.4000244      0.0006000
    762.5000000      0.0006000
    762.5999756      0.0006000
    762.7000122      0.0006000
    762.7999878      0.0006000
    762.9000244      0.0006000
    763.0000000      0.0006000
    763.0999756      0.0006000
    763.2000122      0.0006000
    763.2999878      0.0006000
    763.4000244      0.0006000
    763.5000000      0.0006000
    763.5999756      0.0006000
    763.7000122      0.0006000
    763.7999878      0.0006000
    763.9000244      0.0006000
    764.0000000      0.0006000
    764.0999756      0.0006000
    764.2000122      0.0006000
    764.2999878      0.0006000
    764.4000244      0.0006000
    764.5000000      0.0006000
    764.5999756      0.0006000
    764.7000122      0.0006000
    764.7999878      0.0006000
    764.9000244      0.0006000
    765.0000000      0.0006000
    765.0999756      0.0006000
    765.2000122      0.0006000
    765.2999878      0.0006000
    765.4000244      0.0006000
    765.5000000      0.0006000
    765.5999756      0.0006000
    765.7000122      0.0005000
    765.7999878      0.0005000
    765.9000244      0.0005000
    766.0000000      0.0005000
    766.0999756      0.0005000
    766.2000122      0.0005000
    766.2999878      0.0005000
    766.4000244      0.0005000
    766.5000000      0.0005000
    766.5999756      0.0005000
    766.7000122      0.0005000
    766.7999878      0.0005000
    766.9000244      0.0005000
    767.0000000      0.0005000
    767.0999756      0.0005000
    767.2000122      0.0005000
    767.2999878      0.0005000
    767.4000244      0.0005000
    767.5000000      0.0005000
    767.5999756      0.0005000
    767.7000122      0.0005000
    767.7999878      0.0005000
    767.9000244      0.0005000
    768.0000000      0.0005000
    768.0999756      0.0005000
    768.2000122      0.0005000
    768.2999878      0.0005000
    768.4000244      0.0005000
    768.5000000      0.0005000
    768.5999756      0.0005000
    768.7000122      0.0005000
    768.7999878      0.0005000
    768.9000244      0.0005000
    769.0000000      0.0005000
    769.0999756      0.0004000
    769.2000122      0.0004000
    769.2999878      0.0004000
    769.4000244      0.0004000
    769.5000000      0.0004000
    769.5999756      0.0004000
    769.7000122      0.0004000
    769.7999878      0.0004000
    769.9000244      0.0004000
    770.0000000      0.0004000
    770.0999756      0.0004000
    770.2000122      0.0004000
    770.2999878      0.0004000
    770.4000244      0.0004000
    770.5000000      0.0004000
    770.5999756      0.0004000
    770.7000122      0.0004000
    770.7999878      0.0004000
    770.9000244      0.0004000
    771.0000000      0.0004000
    771.0999756      0.0004000
    771.2000122      0.0004000
    771.2999878      0.0004000
    771.4000244      0.0004000
    771.5000000      0.0004000
    771.5999756      0.0004000
    771.7000122      0.0004000
    771.7999878      0.0004000
    771.9000244      0.0004000
    772.0000000      0.0004000
    772.0999756      0.0004000
    772.2000122      0.0004000
    772.2999878      0.0004000
    772.4000244      0.0004000
    772.5000000      0.0004000
    772.5999756      0.0004000
    772.7000122      0.0004000
    772.7999878      0.0004000
    772.9000244      0.0004000
    773.0000000      0.0004000
    773.0999756      0.0004000
    773.2000122      0.0004000
    773.2999878      0.0004000
    773.4000244      0.0004000
    773.5000000      0.0004000
    773.5999756      0.0004000
    773.7000122      0.0004000
    773.7999878      0.0004000
    773.9000244      0.0004000
    774.0000000      0.0004000
    774.0999756      0.0004000
    774.2000122      0.0004000
    774.2999878      0.0004000
    774.4000244      0.0004000
    774.5000000      0.0004000
    774.5999756      0.0004000
    774.7000122      0.0004000
    774.7999878      0.0004000
    774.9000244      0.0004000
    775.0000000      0.0004000
    775.0999756      0.0004000
    775.2000122      0.0004000
    775.2999878      0.0004000
    775.4000244      0.0004000
    775.5000000      0.0004000
    775.5999756      0.0004000
    775.7000122      0.0004000
    775.7999878      0.0004000
    775.9000244      0.0004000
    776.0000000      0.0004000
    776.0999756      0.0004000
    776.2000122      0.0004000
    776.2999878      0.0004000
    776.4000244      0.0003000
    776.5000000      0.0003000
    776.5999756      0.0003000
    776.7000122      0.0003000
    776.7999878      0.0003000
    776.9000244      0.0003000
    777.0000000      0.0003000
    777.0999756      0.0003000
    777.2000122      0.0003000
    777.2999878      0.0003000
    777.4000244      0.0003000
    777.5000000      0.0003000
    777.5999756      0.0003000
    777.7000122      0.0003000
    777.7999878      0.0003000
    777.9000244      0.0003000
    778.0000000      0.0003000
    778.0999756      0.0003000
    778.2000122      0.0003000
    778.2999878      0.0003000
    778.4000244      0.0003000
    778.5000000      0.0003000
    778.5999756      0.0003000
    778.7000122      0.0003000
    778.7999878      0.0003000
    778.9000244      0.0003000
    779.0000000      0.0003000
    779.0999756      0.0003000
    779.2000122      0.0003000
    779.2999878      0.0003000
    779.4000244      0.0003000
    779.5000000      0.0003000
    779.5999756      0.0003000
    779.7000122      0.0003000
    779.7999878      0.0003000
    779.9000244      0.0003000
    780.0000000      0.0003000
    780.0999756      0.0003000
    780.2000122      0.0003000
    780.2999878      0.0003000
    780.4000244      0.0003000
    780.5000000      0.0003000
    780.5999756      0.0003000
    780.7000122      0.0003000
    780.7999878      0.0003000
    780.9000244      0.0003000
    781.0000000      0.0003000
    781.0999756      0.0003000
    781.2000122      0.0003000
    781.2999878      0.0003000
    781.4000244      0.0003000
    781.5000000      0.0003000
    781.5999756      0.0003000
    781.7000122      0.0003000
    781.7999878      0.0003000
    781.9000244      0.0003000
    782.0000000      0.0003000
    782.0999756      0.0003000
    782.2000122      0.0003000
    782.2999878      0.0003000
    782.4000244      0.0003000
    782.5000000      0.0003000
    782.5999756      0.0003000
    782.7000122      0.0003000
    782.7999878      0.0003000
    782.9000244      0.0003000
    783.0000000      0.0003000
    783.0999756      0.0003000
    783.2000122      0.0003000
    783.2999878      0.0003000
    783.4000244      0.0003000
    783.5000000      0.0003000
    783.5999756      0.0003000
    783.7000122      0.0003000
    783.7999878      0.0002000
    783.9000244      0.0002000
    784.0000000      0.0002000
    784.0999756      0.0002000
    784.2000122      0.0002000
    784.2999878      0.0002000
    784.4000244      0.0002000
    784.5000000      0.0002000
    784.5999756      0.0002000
    784.7000122      0.0002000
    784.7999878      0.0002000
    784.9000244      0.0002000
    785.0000000      0.0002000
    785.0999756      0.0002000
    785.2000122      0.0002000
    785.2999878      0.0002000
    785.4000244      0.0002000
    785.5000000      0.0002000
    785.5999756      0.0002000
    785.7000122      0.0002000
    785.7999878      0.0002000
    785.9000244      0.0002000
    786.0000000      0.0002000
    786.0999756      0.0002000
    786.2000122      0.0002000
    786.2999878      0.0002000
    786.4000244      0.0002000
    786.5000000      0.0002000
    786.5999756      0.0002000
    786.7000122      0.0002000
    786.7999878      0.0002000
    786.9000244      0.0002000
    787.0000000      0.0002000
    787.0999756      0.0002000
    787.2000122      0.0002000
    787.2999878      0.0002000
    787.4000244      0.0002000
    787.5000000      0.0002000
    787.5999756      0.0002000
    787.7000122      0.0002000
    787.7999878      0.0002000
    787.9000244      0.0002000
    788.0000000      0.0002000
    788.0999756      0.0002000
    788.2000122      0.0002000
    788.2999878      0.0002000
    788.4000244      0.0002000
    788.5000000      0.0002000
    788.5999756      0.0002000
    788.7000122      0.0002000
    788.7999878      0.0002000
    788.9000244      0.0002000
    789.0000000      0.0002000
    789.0999756      0.0002000
    789.2000122      0.0002000
    789.2999878      0.0002000
    789.4000244      0.0002000
    789.5000000      0.0002000
    789.5999756      0.0002000
    789.7000122      0.0002000
    789.7999878      0.0002000
    789.9000244      0.0002000
    790.0000000      0.0002000
    790.0999756      0.0002000
    790.2000122      0.0002000
    790.2999878      0.0002000
    790.4000244      0.0002000
    790.5000000      0.0002000
    790.5999756      0.0002000
    790.7000122      0.0002000
    790.7999878      0.0002000
    790.9000244      0.0002000
    791.0000000      0.0002000
    791.0999756      0.0002000
    791.2000122      0.0002000
    791.2999878      0.0002000
    791.4000244      0.0002000
    791.5000000      0.0002000
    791.5999756      0.0002000
    791.7000122      0.0002000
    791.7999878      0.0002000
    791.9000244      0.0002000
    792.0000000      0.0002000
    792.0999756      0.0002000
    792.2000122      0.0002000
    792.2999878      0.0002000
    792.4000244      0.0002000
    792.5000000      0.0001000
    792.5999756      0.0001000
    792.7000122      0.0001000
    792.7999878      0.0001000
    792.9000244      0.0001000
    793.0000000      0.0001000
    793.0999756      0.0001000
    793.2000122      0.0001000
    793.2999878      0.0001000
    793.4000244      0.0001000
    793.5000000      0.0001000
    793.5999756      0.0001000
    793.7000122      0.0001000
    793.7999878      0.0001000
    793.9000244      0.0001000
    794.0000000      0.0001000
    794.0999756      0.0001000
    794.2000122      0.0001000
    794.2999878      0.0001000
    794.4000244      0.0001000
    794.5000000      0.0001000
    794.5999756      0.0001000
    794.7000122      0.0001000
    794.7999878      0.0001000
    794.9000244      0.0001000
    795.0000000      0.0001000
    795.0999756      0.0001000
    795.2000122      0.0001000
    795.2999878      0.0001000
    795.4000244      0.0001000
    795.5000000      0.0001000
    795.5999756      0.0001000
    795.7000122      0.0001000
    795.7999878      0.0001000
    795.9000244      0.0001000
    796.0000000      0.0001000
    796.0999756      0.0001000
    796.2000122      0.0001000
    796.2999878      0.0001000
    796.4000244      0.0001000
    796.5000000      0.0001000
    796.5999756      0.0001000
    796.7000122      0.0001000
    796.7999878      0.0001000
    796.9000244      0.0001000
    797.0000000      0.0001000
    797.0999756      0.0001000
    797.2000122      0.0001000
    797.2999878      0.0001000
    797.4000244      0.0001000
    797.5000000      0.0001000
    797.5999756      0.0001000
    797.7000122      0.0001000
    797.7999878      0.0001000
    797.9000244      0.0001000
    798.0000000      0.0001000
    798.0999756      0.0001000
    798.2000122      0.0001000
    798.2999878      0.0001000
    798.4000244      0.0001000
    798.5000000      0.0001000
    798.5999756      0.0001000
    798.7000122      0.0001000
    798.7999878      0.0001000
    798.9000244      0.0001000
    799.0000000      0.0001000
    799.0999756      0.0001000
    799.2000122      0.0001000
    799.2999878      0.0001000
    799.4000244      0.0001000
    799.5000000      0.0001000
    799.5999756      0.0001000
    799.7000122      0.0001000
    799.7999878      0.0001000
    799.9000244      0.0001000
    800.0000000      0.0001000
