   25.51| 1.431E+00
   25.90| 1.667E+00
   26.30| 1.913E+00
   26.71| 2.269E+00
   27.12| 2.616E+00
   27.54| 3.005E+00
   27.97| 3.469E+00
   28.40| 3.990E+00
   28.84| 4.574E+00
   29.29| 5.210E+00
   29.74| 5.925E+00
   30.20| 6.689E+00
   30.67| 7.551E+00
   31.14| 8.501E+00
   31.62| 9.520E+00
   32.11| 1.070E+01
   32.61| 1.191E+01
   33.11| 1.325E+01
   33.63| 1.467E+01
   34.15| 1.627E+01
   34.67| 1.798E+01
   35.21| 1.973E+01
   35.75| 2.178E+01
   36.31| 2.387E+01
   36.87| 2.625E+01
   37.44| 2.888E+01
   38.02| 3.177E+01
   38.61| 3.460E+01
   39.20| 3.743E+01
   39.81| 4.018E+01
   40.43| 4.338E+01
   41.05| 4.675E+01
   41.69| 5.049E+01
   42.33| 5.416E+01
   42.99| 5.804E+01
   43.65| 6.224E+01
   44.33| 6.667E+01
   45.01| 7.122E+01
   45.71| 7.583E+01
   46.42| 8.040E+01
   47.13| 8.542E+01
   47.86| 9.044E+01
   48.60| 9.555E+01
   49.36| 1.008E+02
   50.12| 1.064E+02
   50.89| 1.119E+02
   51.68| 1.175E+02
   52.48| 1.231E+02
   53.29| 1.286E+02
   54.12| 1.341E+02
   54.95| 1.393E+02
   55.80| 1.445E+02
   56.67| 1.501E+02
   57.54| 1.561E+02
   58.43| 1.621E+02
   59.34| 1.682E+02
   60.26| 1.735E+02
   61.19| 1.783E+02
   62.13| 1.837E+02
   63.10| 1.893E+02
   64.07| 1.953E+02
   65.06| 2.014E+02
   66.07| 2.060E+02
   67.09| 2.095E+02
   68.13| 2.141E+02
   69.18| 2.199E+02
   70.25| 2.245E+02
   71.34| 2.281E+02
   72.44| 2.312E+02
   73.56| 2.349E+02
   74.70| 2.384E+02
   75.86| 2.420E+02
   77.03| 2.440E+02
   78.22| 2.469E+02
   79.43| 2.507E+02
   80.66| 2.530E+02
   81.91| 2.542E+02
   83.18| 2.573E+02
   84.46| 2.595E+02
   85.77| 2.607E+02
   87.10| 2.624E+02
   88.44| 2.630E+02
   89.81| 2.632E+02
   91.20| 2.633E+02
   92.61| 2.641E+02
   94.04| 2.635E+02
   95.50| 2.632E+02
   96.98| 2.632E+02
   98.48| 2.625E+02
  100.00| 2.615E+02
  101.55| 2.603E+02
  103.12| 2.578E+02
  104.71| 2.556E+02
  106.33| 2.544E+02
  107.98| 2.521E+02
  109.65| 2.489E+02
  111.34| 2.446E+02
  113.07| 2.402E+02
  114.82| 2.366E+02
  116.59| 2.330E+02
  118.39| 2.292E+02
  120.23| 2.250E+02
  122.09| 2.213E+02
  123.97| 2.173E+02
  125.89| 2.137E+02
  127.84| 2.090E+02
  129.82| 2.034E+02
  131.83| 1.985E+02
  133.86| 1.941E+02
  135.94| 1.904E+02
  138.04| 1.869E+02
  140.17| 1.822E+02
  142.34| 1.766E+02
  144.54| 1.721E+02
  146.78| 1.692E+02
  149.05| 1.664E+02
  151.36| 1.611E+02
  153.70| 1.544E+02
  156.08| 1.491E+02
  158.49| 1.453E+02
  160.94| 1.408E+02
  163.43| 1.353E+02
  165.96| 1.298E+02
  168.53| 1.253E+02
  171.13| 1.212E+02
  173.78| 1.176E+02
  176.47| 1.144E+02
  179.20| 1.109E+02
  181.97| 1.069E+02
  184.78| 1.029E+02
  187.64| 9.972E+01
  190.55| 9.677E+01
  193.49| 9.300E+01
  196.49| 8.933E+01
  199.53| 8.574E+01
  202.61| 8.251E+01
  205.75| 7.936E+01
  208.93| 7.621E+01
  212.16| 7.317E+01
  215.44| 7.019E+01
  218.78| 6.729E+01
  222.16| 6.448E+01
  225.60| 6.174E+01
  229.09| 5.908E+01
  232.63| 5.664E+01
  236.23| 5.429E+01
  239.88| 5.201E+01
  243.59| 4.977E+01
  247.36| 4.764E+01
  251.19| 4.554E+01
  255.07| 4.356E+01
  259.02| 4.166E+01
  263.03| 3.981E+01
  267.10| 3.805E+01
  271.23| 3.631E+01
  275.42| 3.469E+01
  279.68| 3.317E+01
  284.01| 3.166E+01
  288.40| 3.019E+01
  292.86| 2.879E+01
  297.39| 2.745E+01
  302.00| 2.616E+01
  306.67| 2.495E+01
  311.41| 2.372E+01
  316.23| 2.246E+01
  321.12| 2.137E+01
  326.09| 2.038E+01
  331.13| 1.946E+01
  336.25| 1.858E+01
  341.45| 1.777E+01
  346.74| 1.697E+01
  352.10| 1.623E+01
  357.55| 1.552E+01
  363.08| 1.484E+01
  368.69| 1.416E+01
  374.40| 1.351E+01
  380.19| 1.291E+01
  386.07| 1.237E+01
  392.04| 1.186E+01
  398.11| 1.132E+01
  404.27| 1.074E+01
  410.52| 1.016E+01
  416.87| 9.590E+00
  423.32| 9.077E+00
  429.87| 8.615E+00
  436.52| 8.194E+00
  443.27| 7.813E+00
  450.13| 7.447E+00
  457.09| 7.098E+00
  464.16| 6.752E+00
  471.34| 6.425E+00
  478.63| 6.113E+00
  486.03| 5.813E+00
  493.55| 5.534E+00
  501.19| 5.262E+00
  508.94| 5.001E+00
  516.81| 4.759E+00
  524.81| 4.527E+00
  532.93| 4.313E+00
  541.17| 4.107E+00
  549.54| 3.916E+00
  558.04| 3.732E+00
  566.67| 3.557E+00
  575.44| 3.390E+00
  584.34| 3.229E+00
  593.38| 3.074E+00
  602.56| 2.925E+00
  611.88| 2.785E+00
  621.35| 2.652E+00
  630.96| 2.524E+00
  640.72| 2.405E+00
  650.63| 2.292E+00
  660.69| 2.185E+00
  670.91| 2.083E+00
  681.29| 1.991E+00
  691.83| 1.902E+00
  702.53| 1.818E+00
  713.40| 1.739E+00
  724.44| 1.660E+00
  735.64| 1.584E+00
  747.02| 1.510E+00
  758.58| 1.438E+00
  770.31| 1.369E+00
  782.23| 1.306E+00
  794.33| 1.245E+00
  806.62| 1.186E+00
  819.09| 1.131E+00
  831.76| 1.079E+00
  844.63| 1.031E+00
  857.70| 9.841E-01
  870.96| 9.404E-01
  884.44| 8.994E-01
  898.12| 8.605E-01
  912.01| 8.220E-01
  926.12| 7.843E-01
  940.44| 7.476E-01
  954.99| 7.138E-01
  969.77| 6.823E-01
  984.77| 6.529E-01
