   25.51| 5.456E+03
   25.90| 5.594E+03
   26.30| 5.625E+03
   26.71| 5.876E+03
   27.12| 6.018E+03
   27.54| 6.091E+03
   27.97| 6.288E+03
   28.40| 6.438E+03
   28.84| 6.580E+03
   29.29| 6.681E+03
   29.74| 6.785E+03
   30.20| 6.877E+03
   30.67| 6.959E+03
   31.14| 7.030E+03
   31.62| 7.084E+03
   32.11| 7.172E+03
   32.61| 7.234E+03
   33.11| 7.273E+03
   33.63| 7.296E+03
   34.15| 7.343E+03
   34.67| 7.392E+03
   35.21| 7.378E+03
   35.75| 7.427E+03
   36.31| 7.416E+03
   36.87| 7.478E+03
   37.44| 7.539E+03
   38.02| 7.596E+03
   38.61| 7.616E+03
   39.20| 7.576E+03
   39.81| 7.460E+03
   40.43| 7.417E+03
   41.05| 7.389E+03
   41.69| 7.363E+03
   42.33| 7.324E+03
   42.99| 7.265E+03
   43.65| 7.208E+03
   44.33| 7.184E+03
   45.01| 7.156E+03
   45.71| 7.100E+03
   46.42| 7.008E+03
   47.13| 6.958E+03
   47.86| 6.897E+03
   48.60| 6.810E+03
   49.36| 6.755E+03
   50.12| 6.693E+03
   50.89| 6.594E+03
   51.68| 6.512E+03
   52.48| 6.404E+03
   53.29| 6.312E+03
   54.12| 6.214E+03
   54.95| 6.117E+03
   55.80| 5.983E+03
   56.67| 5.879E+03
   57.54| 5.801E+03
   58.43| 5.721E+03
   59.34| 5.631E+03
   60.26| 5.569E+03
   61.19| 5.408E+03
   62.13| 5.298E+03
   63.10| 5.223E+03
   64.07| 5.141E+03
   65.06| 5.004E+03
   66.07| 4.933E+03
   67.09| 4.776E+03
   68.13| 4.634E+03
   69.18| 4.599E+03
   70.25| 4.527E+03
   71.34| 4.421E+03
   72.44| 4.289E+03
   73.56| 4.205E+03
   74.70| 4.112E+03
   75.86| 4.027E+03
   77.03| 3.887E+03
   78.22| 3.808E+03
   79.43| 3.742E+03
   80.66| 3.609E+03
   81.91| 3.525E+03
   83.18| 3.474E+03
   84.46| 3.379E+03
   85.77| 3.258E+03
   87.10| 3.171E+03
   88.44| 3.091E+03
   89.81| 2.994E+03
   91.20| 2.892E+03
   92.61| 2.830E+03
   94.04| 2.766E+03
   95.50| 2.671E+03
   96.98| 2.600E+03
   98.48| 2.530E+03
  100.00| 2.455E+03
  101.55| 2.381E+03
  103.12| 2.307E+03
  104.71| 2.241E+03
  106.33| 2.177E+03
  107.98| 2.103E+03
  109.65| 2.032E+03
  111.34| 1.967E+03
  113.07| 1.896E+03
  114.82| 1.837E+03
  116.59| 1.781E+03
  118.39| 1.718E+03
  120.23| 1.653E+03
  122.09| 1.620E+03
  123.97| 1.599E+03
  125.89| 1.539E+03
  127.84| 1.458E+03
  129.82| 1.395E+03
  131.83| 1.347E+03
  133.86| 1.300E+03
  135.94| 1.244E+03
  138.04| 1.204E+03
  140.17| 1.179E+03
  142.34| 1.138E+03
  144.54| 1.088E+03
  146.78| 1.044E+03
  149.05| 1.006E+03
  151.36| 9.672E+02
  153.70| 9.242E+02
  156.08| 8.824E+02
  158.49| 8.468E+02
  160.94| 8.137E+02
  163.43| 7.824E+02
  165.96| 7.528E+02
  168.53| 7.244E+02
  171.13| 6.951E+02
  173.78| 6.673E+02
  176.47| 6.433E+02
  179.20| 6.174E+02
  181.97| 5.924E+02
  184.78| 5.700E+02
  187.64| 5.461E+02
  190.55| 5.248E+02
  193.49| 5.028E+02
  196.49| 4.816E+02
  199.53| 4.611E+02
  202.61| 4.418E+02
  205.75| 4.232E+02
  208.93| 4.051E+02
  212.16| 3.878E+02
  215.44| 3.711E+02
  218.78| 3.550E+02
  222.16| 3.395E+02
  225.60| 3.247E+02
  229.09| 3.103E+02
  232.63| 2.968E+02
  236.23| 2.839E+02
  239.88| 2.714E+02
  243.59| 2.594E+02
  247.36| 2.479E+02
  251.19| 2.368E+02
  255.07| 2.263E+02
  259.02| 2.167E+02
  263.03| 2.073E+02
  267.10| 1.980E+02
  271.23| 1.888E+02
  275.42| 1.805E+02
  279.68| 1.735E+02
  284.01| 1.659E+02
  288.40| 1.585E+02
  292.86| 1.513E+02
  297.39| 1.444E+02
  302.00| 1.378E+02
  306.67| 1.317E+02
  311.41| 1.259E+02
  316.23| 1.204E+02
  321.12| 1.150E+02
  326.09| 1.099E+02
  331.13| 1.050E+02
  336.25| 1.003E+02
  341.45| 9.606E+01
  346.74| 9.186E+01
  352.10| 8.791E+01
  357.55| 8.411E+01
  363.08| 8.049E+01
  368.69| 7.694E+01
  374.40| 7.354E+01
  380.19| 7.040E+01
  386.07| 6.761E+01
  392.04| 6.496E+01
  398.11| 6.220E+01
  404.27| 5.934E+01
  410.52| 5.655E+01
  416.87| 5.380E+01
  423.32| 5.129E+01
  429.87| 4.896E+01
  436.52| 4.677E+01
  443.27| 4.473E+01
  450.13| 4.277E+01
  457.09| 4.088E+01
  464.16| 3.900E+01
  471.34| 3.719E+01
  478.63| 3.548E+01
  486.03| 3.383E+01
  493.55| 3.229E+01
  501.19| 3.078E+01
  508.94| 2.933E+01
  516.81| 2.800E+01
  524.81| 2.671E+01
  532.93| 2.552E+01
  541.17| 2.438E+01
  549.54| 2.333E+01
  558.04| 2.231E+01
  566.67| 2.135E+01
  575.44| 2.042E+01
  584.34| 1.953E+01
  593.38| 1.866E+01
  602.56| 1.783E+01
  611.88| 1.704E+01
  621.35| 1.629E+01
  630.96| 1.555E+01
  640.72| 1.487E+01
  650.63| 1.421E+01
  660.69| 1.359E+01
  670.91| 1.299E+01
  681.29| 1.245E+01
  691.83| 1.192E+01
  702.53| 1.143E+01
  713.40| 1.096E+01
  724.44| 1.051E+01
  735.64| 1.008E+01
  747.02| 9.661E+00
  758.58| 9.253E+00
  770.31| 8.856E+00
  782.23| 8.488E+00
  794.33| 8.127E+00
  806.62| 7.774E+00
  819.09| 7.438E+00
  831.76| 7.120E+00
  844.63| 6.814E+00
  857.70| 6.518E+00
  870.96| 6.236E+00
  884.44| 5.968E+00
  898.12| 5.710E+00
  912.01| 5.464E+00
  926.12| 5.228E+00
  940.44| 4.996E+00
  954.99| 4.781E+00
  969.77| 4.580E+00
  984.77| 4.389E+00
