   25.51| 6.902E-01
   25.90| 7.101E-01
   26.30| 7.218E-01
   26.71| 7.543E-01
   27.12| 7.782E-01
   27.54| 7.974E-01
   27.97| 8.286E-01
   28.40| 8.577E-01
   28.84| 8.883E-01
   29.29| 9.169E-01
   29.74| 9.481E-01
   30.20| 9.808E-01
   30.67| 1.017E+00
   31.14| 1.057E+00
   31.62| 1.099E+00
   32.11| 1.150E+00
   32.61| 1.203E+00
   33.11| 1.260E+00
   33.63| 1.325E+00
   34.15| 1.401E+00
   34.67| 1.487E+00
   35.21| 1.575E+00
   35.75| 1.687E+00
   36.31| 1.804E+00
   36.87| 1.948E+00
   37.44| 2.112E+00
   38.02| 2.300E+00
   38.61| 2.495E+00
   39.20| 2.700E+00
   39.81| 2.909E+00
   40.43| 3.163E+00
   41.05| 3.445E+00
   41.69| 3.768E+00
   42.33| 4.106E+00
   42.99| 4.478E+00
   43.65| 4.897E+00
   44.33| 5.360E+00
   45.01| 5.859E+00
   45.71| 6.391E+00
   46.42| 6.950E+00
   47.13| 7.580E+00
   47.86| 8.244E+00
   48.60| 8.954E+00
   49.36| 9.718E+00
   50.12| 1.055E+01
   50.89| 1.142E+01
   51.68| 1.234E+01
   52.48| 1.332E+01
   53.29| 1.432E+01
   54.12| 1.538E+01
   54.95| 1.645E+01
   55.80| 1.756E+01
   56.67| 1.877E+01
   57.54| 2.009E+01
   58.43| 2.147E+01
   59.34| 2.291E+01
   60.26| 2.429E+01
   61.19| 2.568E+01
   62.13| 2.721E+01
   63.10| 2.879E+01
   64.07| 3.053E+01
   65.06| 3.237E+01
   66.07| 3.395E+01
   67.09| 3.544E+01
   68.13| 3.719E+01
   69.18| 3.917E+01
   70.25| 4.098E+01
   71.34| 4.266E+01
   72.44| 4.431E+01
   73.56| 4.609E+01
   74.70| 4.788E+01
   75.86| 4.974E+01
   77.03| 5.136E+01
   78.22| 5.312E+01
   79.43| 5.516E+01
   80.66| 5.695E+01
   81.91| 5.843E+01
   83.18| 6.038E+01
   84.46| 6.220E+01
   85.77| 6.384E+01
   87.10| 6.560E+01
   88.44| 6.706E+01
   89.81| 6.843E+01
   91.20| 6.984E+01
   92.61| 7.137E+01
   94.04| 7.247E+01
   95.50| 7.378E+01
   96.98| 7.512E+01
   98.48| 7.626E+01
  100.00| 7.733E+01
  101.55| 7.831E+01
  103.12| 7.886E+01
  104.71| 7.945E+01
  106.33| 8.040E+01
  107.98| 8.100E+01
  109.65| 8.124E+01
  111.34| 8.103E+01
  113.07| 8.077E+01
  114.82| 8.072E+01
  116.59| 8.064E+01
  118.39| 8.049E+01
  120.23| 8.015E+01
  122.09| 7.980E+01
  123.97| 7.922E+01
  125.89| 7.899E+01
  127.84| 7.843E+01
  129.82| 7.730E+01
  131.83| 7.636E+01
  133.86| 7.557E+01
  135.94| 7.518E+01
  138.04| 7.473E+01
  140.17| 7.349E+01
  142.34| 7.198E+01
  144.54| 7.100E+01
  146.78| 7.073E+01
  149.05| 7.045E+01
  151.36| 6.889E+01
  153.70| 6.655E+01
  156.08| 6.495E+01
  158.49| 6.396E+01
  160.94| 6.259E+01
  163.43| 6.061E+01
  165.96| 5.857E+01
  168.53| 5.697E+01
  171.13| 5.563E+01
  173.78| 5.446E+01
  176.47| 5.349E+01
  179.20| 5.232E+01
  181.97| 5.078E+01
  184.78| 4.926E+01
  187.64| 4.815E+01
  190.55| 4.714E+01
  193.49| 4.562E+01
  196.49| 4.411E+01
  199.53| 4.263E+01
  202.61| 4.130E+01
  205.75| 4.000E+01
  208.93| 3.867E+01
  212.16| 3.737E+01
  215.44| 3.607E+01
  218.78| 3.479E+01
  222.16| 3.353E+01
  225.60| 3.229E+01
  229.09| 3.107E+01
  232.63| 2.996E+01
  236.23| 2.889E+01
  239.88| 2.783E+01
  243.59| 2.677E+01
  247.36| 2.576E+01
  251.19| 2.476E+01
  255.07| 2.380E+01
  259.02| 2.287E+01
  263.03| 2.195E+01
  267.10| 2.108E+01
  271.23| 2.021E+01
  275.42| 1.940E+01
  279.68| 1.860E+01
  284.01| 1.782E+01
  288.40| 1.706E+01
  292.86| 1.634E+01
  297.39| 1.564E+01
  302.00| 1.496E+01
  306.67| 1.433E+01
  311.41| 1.365E+01
  316.23| 1.295E+01
  321.12| 1.236E+01
  326.09| 1.183E+01
  331.13| 1.133E+01
  336.25| 1.085E+01
  341.45| 1.041E+01
  346.74| 9.976E+00
  352.10| 9.570E+00
  357.55| 9.178E+00
  363.08| 8.797E+00
  368.69| 8.420E+00
  374.40| 8.054E+00
  380.19| 7.713E+00
  386.07| 7.409E+00
  392.04| 7.120E+00
  398.11| 6.810E+00
  404.27| 6.474E+00
  410.52| 6.135E+00
  416.87| 5.798E+00
  423.32| 5.497E+00
  429.87| 5.225E+00
  436.52| 4.979E+00
  443.27| 4.755E+00
  450.13| 4.541E+00
  457.09| 4.335E+00
  464.16| 4.131E+00
  471.34| 3.938E+00
  478.63| 3.753E+00
  486.03| 3.575E+00
  493.55| 3.409E+00
  501.19| 3.247E+00
  508.94| 3.090E+00
  516.81| 2.945E+00
  524.81| 2.805E+00
  532.93| 2.676E+00
  541.17| 2.551E+00
  549.54| 2.435E+00
  558.04| 2.323E+00
  566.67| 2.216E+00
  575.44| 2.114E+00
  584.34| 2.015E+00
  593.38| 1.919E+00
  602.56| 1.828E+00
  611.88| 1.741E+00
  621.35| 1.660E+00
  630.96| 1.581E+00
  640.72| 1.507E+00
  650.63| 1.438E+00
  660.69| 1.372E+00
  670.91| 1.309E+00
  681.29| 1.253E+00
  691.83| 1.197E+00
  702.53| 1.145E+00
  713.40| 1.096E+00
  724.44| 1.047E+00
  735.64| 9.980E-01
  747.02| 9.511E-01
  758.58| 9.051E-01
  770.31| 8.608E-01
  782.23| 8.210E-01
  794.33| 7.822E-01
  806.62| 7.450E-01
  819.09| 7.103E-01
  831.76| 6.779E-01
  844.63| 6.474E-01
  857.70| 6.187E-01
  870.96| 5.916E-01
  884.44| 5.664E-01
  898.12| 5.426E-01
  912.01| 5.185E-01
  926.12| 4.947E-01
  940.44| 4.715E-01
  954.99| 4.502E-01
  969.77| 4.304E-01
  984.77| 4.119E-01
