   25.51| 6.773E+01
   25.90| 6.940E+01
   26.30| 7.020E+01
   26.71| 7.290E+01
   27.12| 7.471E+01
   27.54| 7.591E+01
   27.97| 7.814E+01
   28.40| 7.997E+01
   28.84| 8.175E+01
   29.29| 8.309E+01
   29.74| 8.439E+01
   30.20| 8.558E+01
   30.67| 8.670E+01
   31.14| 8.774E+01
   31.62| 8.860E+01
   32.11| 8.965E+01
   32.61| 9.041E+01
   33.11| 9.092E+01
   33.63| 9.137E+01
   34.15| 9.197E+01
   34.67| 9.262E+01
   35.21| 9.262E+01
   35.75| 9.330E+01
   36.31| 9.340E+01
   36.87| 9.420E+01
   37.44| 9.489E+01
   38.02| 9.557E+01
   38.61| 9.596E+01
   39.20| 9.589E+01
   39.81| 9.518E+01
   40.43| 9.512E+01
   41.05| 9.513E+01
   41.69| 9.525E+01
   42.33| 9.502E+01
   42.99| 9.476E+01
   43.65| 9.456E+01
   44.33| 9.467E+01
   45.01| 9.476E+01
   45.71| 9.462E+01
   46.42| 9.418E+01
   47.13| 9.415E+01
   47.86| 9.404E+01
   48.60| 9.374E+01
   49.36| 9.375E+01
   50.12| 9.373E+01
   50.89| 9.345E+01
   51.68| 9.335E+01
   52.48| 9.305E+01
   53.29| 9.285E+01
   54.12| 9.262E+01
   54.95| 9.241E+01
   55.80| 9.197E+01
   56.67| 9.188E+01
   57.54| 9.212E+01
   58.43| 9.240E+01
   59.34| 9.264E+01
   60.26| 9.303E+01
   61.19| 9.261E+01
   62.13| 9.276E+01
   63.10| 9.327E+01
   64.07| 9.386E+01
   65.06| 9.410E+01
   66.07| 9.462E+01
   67.09| 9.435E+01
   68.13| 9.445E+01
   69.18| 9.563E+01
   70.25| 9.636E+01
   71.34| 9.668E+01
   72.44| 9.676E+01
   73.56| 9.736E+01
   74.70| 9.789E+01
   75.86| 9.857E+01
   77.03| 9.856E+01
   78.22| 9.920E+01
   79.43| 1.002E+02
   80.66| 1.005E+02
   81.91| 1.008E+02
   83.18| 1.019E+02
   84.46| 1.025E+02
   85.77| 1.027E+02
   87.10| 1.034E+02
   88.44| 1.038E+02
   89.81| 1.040E+02
   91.20| 1.041E+02
   92.61| 1.048E+02
   94.04| 1.050E+02
   95.50| 1.051E+02
   96.98| 1.055E+02
   98.48| 1.057E+02
  100.00| 1.058E+02
  101.55| 1.058E+02
  103.12| 1.054E+02
  104.71| 1.051E+02
  106.33| 1.051E+02
  107.98| 1.048E+02
  109.65| 1.041E+02
  111.34| 1.030E+02
  113.07| 1.019E+02
  114.82| 1.011E+02
  116.59| 1.002E+02
  118.39| 9.924E+01
  120.23| 9.810E+01
  122.09| 9.721E+01
  123.97| 9.622E+01
  125.89| 9.525E+01
  127.84| 9.379E+01
  129.82| 9.194E+01
  131.83| 9.041E+01
  133.86| 8.902E+01
  135.94| 8.797E+01
  138.04| 8.700E+01
  140.17| 8.539E+01
  142.34| 8.339E+01
  144.54| 8.184E+01
  146.78| 8.103E+01
  149.05| 8.027E+01
  151.36| 7.827E+01
  153.70| 7.550E+01
  156.08| 7.345E+01
  158.49| 7.205E+01
  160.94| 7.030E+01
  163.43| 6.800E+01
  165.96| 6.565E+01
  168.53| 6.374E+01
  171.13| 6.208E+01
  173.78| 6.060E+01
  176.47| 5.936E+01
  179.20| 5.791E+01
  181.97| 5.611E+01
  184.78| 5.436E+01
  187.64| 5.299E+01
  190.55| 5.174E+01
  193.49| 5.001E+01
  196.49| 4.829E+01
  199.53| 4.660E+01
  202.61| 4.509E+01
  205.75| 4.360E+01
  208.93| 4.209E+01
  212.16| 4.062E+01
  215.44| 3.916E+01
  218.78| 3.772E+01
  222.16| 3.632E+01
  225.60| 3.494E+01
  229.09| 3.359E+01
  232.63| 3.235E+01
  236.23| 3.115E+01
  239.88| 2.999E+01
  243.59| 2.882E+01
  247.36| 2.770E+01
  251.19| 2.660E+01
  255.07| 2.554E+01
  259.02| 2.453E+01
  263.03| 2.353E+01
  267.10| 2.257E+01
  271.23| 2.163E+01
  275.42| 2.074E+01
  279.68| 1.988E+01
  284.01| 1.904E+01
  288.40| 1.823E+01
  292.86| 1.744E+01
  297.39| 1.668E+01
  302.00| 1.595E+01
  306.67| 1.526E+01
  311.41| 1.454E+01
  316.23| 1.380E+01
  321.12| 1.317E+01
  326.09| 1.260E+01
  331.13| 1.206E+01
  336.25| 1.154E+01
  341.45| 1.107E+01
  346.74| 1.060E+01
  352.10| 1.017E+01
  357.55| 9.748E+00
  363.08| 9.340E+00
  368.69| 8.936E+00
  374.40| 8.545E+00
  380.19| 8.181E+00
  386.07| 7.858E+00
  392.04| 7.550E+00
  398.11| 7.219E+00
  404.27| 6.863E+00
  410.52| 6.503E+00
  416.87| 6.146E+00
  423.32| 5.826E+00
  429.87| 5.538E+00
  436.52| 5.276E+00
  443.27| 5.039E+00
  450.13| 4.811E+00
  457.09| 4.593E+00
  464.16| 4.376E+00
  471.34| 4.170E+00
  478.63| 3.974E+00
  486.03| 3.785E+00
  493.55| 3.608E+00
  501.19| 3.436E+00
  508.94| 3.270E+00
  516.81| 3.116E+00
  524.81| 2.968E+00
  532.93| 2.831E+00
  541.17| 2.699E+00
  549.54| 2.576E+00
  558.04| 2.458E+00
  566.67| 2.344E+00
  575.44| 2.236E+00
  584.34| 2.132E+00
  593.38| 2.031E+00
  602.56| 1.934E+00
  611.88| 1.843E+00
  621.35| 1.756E+00
  630.96| 1.672E+00
  640.72| 1.595E+00
  650.63| 1.521E+00
  660.69| 1.452E+00
  670.91| 1.385E+00
  681.29| 1.325E+00
  691.83| 1.267E+00
  702.53| 1.212E+00
  713.40| 1.160E+00
  724.44| 1.107E+00
  735.64| 1.056E+00
  747.02| 1.007E+00
  758.58| 9.588E-01
  770.31| 9.123E-01
  782.23| 8.703E-01
  794.33| 8.295E-01
  806.62| 7.903E-01
  819.09| 7.535E-01
  831.76| 7.192E-01
  844.63| 6.870E-01
  857.70| 6.564E-01
  870.96| 6.277E-01
  884.44| 6.008E-01
  898.12| 5.754E-01
  912.01| 5.499E-01
  926.12| 5.247E-01
  940.44| 5.002E-01
  954.99| 4.776E-01
  969.77| 4.567E-01
  984.77| 4.371E-01
