   25.51| 2.905E-06
   25.90| 4.198E-06
   26.30| 5.914E-06
   26.71| 8.751E-06
   27.12| 1.234E-05
   27.54| 1.731E-05
   27.97| 2.435E-05
   28.40| 3.408E-05
   28.84| 4.737E-05
   29.29| 6.522E-05
   29.74| 8.957E-05
   30.20| 1.213E-04
   30.67| 1.641E-04
   31.14| 2.206E-04
   31.62| 2.937E-04
   32.11| 3.939E-04
   32.61| 5.196E-04
   33.11| 6.842E-04
   33.63| 8.927E-04
   34.15| 1.166E-03
   34.67| 1.512E-03
   35.21| 1.942E-03
   35.75| 2.505E-03
   36.31| 3.200E-03
   36.87| 4.091E-03
   37.44| 5.230E-03
   38.02| 6.694E-03
   38.61| 8.405E-03
   39.20| 1.044E-02
   39.81| 1.280E-02
   40.43| 1.581E-02
   41.05| 1.946E-02
   41.69| 2.397E-02
   42.33| 2.930E-02
   42.99| 3.568E-02
   43.65| 4.349E-02
   44.33| 5.282E-02
   45.01| 6.378E-02
   45.71| 7.661E-02
   46.42| 9.146E-02
   47.13| 1.094E-01
   47.86| 1.300E-01
   48.60| 1.540E-01
   49.36| 1.816E-01
   50.12| 2.142E-01
   50.89| 2.512E-01
   51.68| 2.934E-01
   52.48| 3.420E-01
   53.29| 3.962E-01
   54.12| 4.578E-01
   54.95| 5.251E-01
   55.80| 6.006E-01
   56.67| 6.873E-01
   57.54| 7.875E-01
   58.43| 8.998E-01
   59.34| 1.026E+00
   60.26| 1.156E+00
   61.19| 1.299E+00
   62.13| 1.464E+00
   63.10| 1.644E+00
   64.07| 1.852E+00
   65.06| 2.090E+00
   66.07| 2.312E+00
   67.09| 2.544E+00
   68.13| 2.824E+00
   69.18| 3.148E+00
   70.25| 3.473E+00
   71.34| 3.803E+00
   72.44| 4.155E+00
   73.56| 4.545E+00
   74.70| 4.962E+00
   75.86| 5.419E+00
   77.03| 5.866E+00
   78.22| 6.360E+00
   79.43| 6.938E+00
   80.66| 7.511E+00
   81.91| 8.035E+00
   83.18| 8.689E+00
   84.46| 9.360E+00
   85.77| 1.003E+01
   87.10| 1.076E+01
   88.44| 1.145E+01
   89.81| 1.215E+01
   91.20| 1.291E+01
   92.61| 1.373E+01
   94.04| 1.446E+01
   95.50| 1.531E+01
   96.98| 1.621E+01
   98.48| 1.708E+01
  100.00| 1.799E+01
  101.55| 1.890E+01
  103.12| 1.969E+01
  104.71| 2.053E+01
  106.33| 2.155E+01
  107.98| 2.252E+01
  109.65| 2.335E+01
  111.34| 2.400E+01
  113.07| 2.466E+01
  114.82| 2.547E+01
  116.59| 2.630E+01
  118.39| 2.714E+01
  120.23| 2.791E+01
  122.09| 2.864E+01
  123.97| 2.921E+01
  125.89| 3.011E+01
  127.84| 3.086E+01
  129.82| 3.123E+01
  131.83| 3.169E+01
  133.86| 3.228E+01
  135.94| 3.320E+01
  138.04| 3.406E+01
  140.17| 3.429E+01
  142.34| 3.435E+01
  144.54| 3.485E+01
  146.78| 3.592E+01
  149.05| 3.700E+01
  151.36| 3.700E+01
  153.70| 3.629E+01
  156.08| 3.620E+01
  158.49| 3.662E+01
  160.94| 3.666E+01
  163.43| 3.608E+01
  165.96| 3.537E+01
  168.53| 3.506E+01
  171.13| 3.498E+01
  173.78| 3.504E+01
  176.47| 3.528E+01
  179.20| 3.530E+01
  181.97| 3.487E+01
  184.78| 3.442E+01
  187.64| 3.442E+01
  190.55| 3.449E+01
  193.49| 3.394E+01
  196.49| 3.337E+01
  199.53| 3.276E+01
  202.61| 3.233E+01
  205.75| 3.187E+01
  208.93| 3.133E+01
  212.16| 3.078E+01
  215.44| 3.020E+01
  218.78| 2.960E+01
  222.16| 2.898E+01
  225.60| 2.834E+01
  229.09| 2.768E+01
  232.63| 2.713E+01
  236.23| 2.658E+01
  239.88| 2.602E+01
  243.59| 2.541E+01
  247.36| 2.483E+01
  251.19| 2.422E+01
  255.07| 2.363E+01
  259.02| 2.304E+01
  263.03| 2.245E+01
  267.10| 2.188E+01
  271.23| 2.128E+01
  275.42| 2.073E+01
  279.68| 2.015E+01
  284.01| 1.958E+01
  288.40| 1.902E+01
  292.86| 1.846E+01
  297.39| 1.791E+01
  302.00| 1.736E+01
  306.67| 1.685E+01
  311.41| 1.629E+01
  316.23| 1.570E+01
  321.12| 1.518E+01
  326.09| 1.471E+01
  331.13| 1.425E+01
  336.25| 1.380E+01
  341.45| 1.338E+01
  346.74| 1.296E+01
  352.10| 1.256E+01
  357.55| 1.216E+01
  363.08| 1.177E+01
  368.69| 1.139E+01
  374.40| 1.101E+01
  380.19| 1.064E+01
  386.07| 1.031E+01
  392.04| 9.991E+00
  398.11| 9.645E+00
  404.27| 9.269E+00
  410.52| 8.893E+00
  416.87| 8.512E+00
  423.32| 8.166E+00
  429.87| 7.845E+00
  436.52| 7.545E+00
  443.27| 7.269E+00
  450.13| 7.001E+00
  457.09| 6.743E+00
  464.16| 6.480E+00
  471.34| 6.229E+00
  478.63| 5.987E+00
  486.03| 5.750E+00
  493.55| 5.530E+00
  501.19| 5.309E+00
  508.94| 5.093E+00
  516.81| 4.893E+00
  524.81| 4.696E+00
  532.93| 4.513E+00
  541.17| 4.333E+00
  549.54| 4.164E+00
  558.04| 4.000E+00
  566.67| 3.841E+00
  575.44| 3.688E+00
  584.34| 3.538E+00
  593.38| 3.392E+00
  602.56| 3.252E+00
  611.88| 3.119E+00
  621.35| 2.993E+00
  630.96| 2.869E+00
  640.72| 2.755E+00
  650.63| 2.646E+00
  660.69| 2.540E+00
  670.91| 2.439E+00
  681.29| 2.347E+00
  691.83| 2.257E+00
  702.53| 2.171E+00
  713.40| 2.089E+00
  724.44| 2.002E+00
  735.64| 1.915E+00
  747.02| 1.831E+00
  758.58| 1.748E+00
  770.31| 1.667E+00
  782.23| 1.595E+00
  794.33| 1.525E+00
  806.62| 1.457E+00
  819.09| 1.395E+00
  831.76| 1.337E+00
  844.63| 1.282E+00
  857.70| 1.231E+00
  870.96| 1.183E+00
  884.44| 1.138E+00
  898.12| 1.095E+00
  912.01| 1.050E+00
  926.12| 1.005E+00
  940.44| 9.607E-01
  954.99| 9.198E-01
  969.77| 8.818E-01
  984.77| 8.460E-01
