   25.51| 6.784E+00
   25.90| 6.954E+00
   26.30| 7.038E+00
   26.71| 7.313E+00
   27.12| 7.499E+00
   27.54| 7.626E+00
   27.97| 7.857E+00
   28.40| 8.050E+00
   28.84| 8.239E+00
   29.29| 8.387E+00
   29.74| 8.534E+00
   30.20| 8.672E+00
   30.67| 8.806E+00
   31.14| 8.937E+00
   31.62| 9.054E+00
   32.11| 9.195E+00
   32.61| 9.312E+00
   33.11| 9.411E+00
   33.63| 9.510E+00
   34.15| 9.634E+00
   34.67| 9.772E+00
   35.21| 9.851E+00
   35.75| 1.002E+01
   36.31| 1.013E+01
   36.87| 1.033E+01
   37.44| 1.055E+01
   38.02| 1.078E+01
   38.61| 1.099E+01
   39.20| 1.117E+01
   39.81| 1.130E+01
   40.43| 1.152E+01
   41.05| 1.178E+01
   41.69| 1.208E+01
   42.33| 1.237E+01
   42.99| 1.269E+01
   43.65| 1.305E+01
   44.33| 1.348E+01
   45.01| 1.394E+01
   45.71| 1.441E+01
   46.42| 1.488E+01
   47.13| 1.545E+01
   47.86| 1.604E+01
   48.60| 1.666E+01
   49.36| 1.736E+01
   50.12| 1.812E+01
   50.89| 1.888E+01
   51.68| 1.971E+01
   52.48| 2.057E+01
   53.29| 2.146E+01
   54.12| 2.240E+01
   54.95| 2.335E+01
   55.80| 2.432E+01
   56.67| 2.542E+01
   57.54| 2.664E+01
   58.43| 2.792E+01
   59.34| 2.925E+01
   60.26| 3.054E+01
   61.19| 3.176E+01
   62.13| 3.317E+01
   63.10| 3.465E+01
   64.07| 3.629E+01
   65.06| 3.798E+01
   66.07| 3.946E+01
   67.09| 4.080E+01
   68.13| 4.240E+01
   69.18| 4.430E+01
   70.25| 4.601E+01
   71.34| 4.757E+01
   72.44| 4.908E+01
   73.56| 5.076E+01
   74.70| 5.243E+01
   75.86| 5.418E+01
   77.03| 5.565E+01
   78.22| 5.731E+01
   79.43| 5.925E+01
   80.66| 6.091E+01
   81.91| 6.229E+01
   83.18| 6.415E+01
   84.46| 6.586E+01
   85.77| 6.738E+01
   87.10| 6.903E+01
   88.44| 7.040E+01
   89.81| 7.166E+01
   91.20| 7.296E+01
   92.61| 7.441E+01
   94.04| 7.543E+01
   95.50| 7.663E+01
   96.98| 7.788E+01
   98.48| 7.893E+01
  100.00| 7.992E+01
  101.55| 8.081E+01
  103.12| 8.127E+01
  104.71| 8.178E+01
  106.33| 8.265E+01
  107.98| 8.317E+01
  109.65| 8.332E+01
  111.34| 8.303E+01
  113.07| 8.269E+01
  114.82| 8.257E+01
  116.59| 8.241E+01
  118.39| 8.219E+01
  120.23| 8.179E+01
  122.09| 8.138E+01
  123.97| 8.076E+01
  125.89| 8.047E+01
  127.84| 7.983E+01
  129.82| 7.863E+01
  131.83| 7.764E+01
  133.86| 7.679E+01
  135.94| 7.634E+01
  138.04| 7.585E+01
  140.17| 7.457E+01
  142.34| 7.302E+01
  144.54| 7.199E+01
  146.78| 7.166E+01
  149.05| 7.134E+01
  151.36| 6.974E+01
  153.70| 6.737E+01
  156.08| 6.573E+01
  158.49| 6.470E+01
  160.94| 6.329E+01
  163.43| 6.129E+01
  165.96| 5.921E+01
  168.53| 5.759E+01
  171.13| 5.622E+01
  173.78| 5.501E+01
  176.47| 5.402E+01
  179.20| 5.283E+01
  181.97| 5.126E+01
  184.78| 4.972E+01
  187.64| 4.859E+01
  190.55| 4.756E+01
  193.49| 4.602E+01
  196.49| 4.449E+01
  199.53| 4.299E+01
  202.61| 4.165E+01
  205.75| 4.033E+01
  208.93| 3.898E+01
  212.16| 3.766E+01
  215.44| 3.635E+01
  218.78| 3.505E+01
  222.16| 3.378E+01
  225.60| 3.253E+01
  229.09| 3.130E+01
  232.63| 3.018E+01
  236.23| 2.909E+01
  239.88| 2.803E+01
  243.59| 2.696E+01
  247.36| 2.594E+01
  251.19| 2.493E+01
  255.07| 2.396E+01
  259.02| 2.302E+01
  263.03| 2.210E+01
  267.10| 2.122E+01
  271.23| 2.034E+01
  275.42| 1.952E+01
  279.68| 1.871E+01
  284.01| 1.793E+01
  288.40| 1.717E+01
  292.86| 1.644E+01
  297.39| 1.573E+01
  302.00| 1.505E+01
  306.67| 1.441E+01
  311.41| 1.373E+01
  316.23| 1.302E+01
  321.12| 1.243E+01
  326.09| 1.190E+01
  331.13| 1.139E+01
  336.25| 1.091E+01
  341.45| 1.047E+01
  346.74| 1.003E+01
  352.10| 9.624E+00
  357.55| 9.230E+00
  363.08| 8.847E+00
  368.69| 8.467E+00
  374.40| 8.099E+00
  380.19| 7.756E+00
  386.07| 7.450E+00
  392.04| 7.159E+00
  398.11| 6.847E+00
  404.27| 6.509E+00
  410.52| 6.168E+00
  416.87| 5.830E+00
  423.32| 5.527E+00
  429.87| 5.254E+00
  436.52| 5.006E+00
  443.27| 4.781E+00
  450.13| 4.565E+00
  457.09| 4.359E+00
  464.16| 4.153E+00
  471.34| 3.959E+00
  478.63| 3.773E+00
  486.03| 3.594E+00
  493.55| 3.427E+00
  501.19| 3.264E+00
  508.94| 3.106E+00
  516.81| 2.960E+00
  524.81| 2.820E+00
  532.93| 2.690E+00
  541.17| 2.564E+00
  549.54| 2.448E+00
  558.04| 2.335E+00
  566.67| 2.228E+00
  575.44| 2.125E+00
  584.34| 2.025E+00
  593.38| 1.929E+00
  602.56| 1.837E+00
  611.88| 1.751E+00
  621.35| 1.669E+00
  630.96| 1.589E+00
  640.72| 1.515E+00
  650.63| 1.446E+00
  660.69| 1.379E+00
  670.91| 1.316E+00
  681.29| 1.259E+00
  691.83| 1.204E+00
  702.53| 1.152E+00
  713.40| 1.102E+00
  724.44| 1.052E+00
  735.64| 1.003E+00
  747.02| 9.561E-01
  758.58| 9.100E-01
  770.31| 8.655E-01
  782.23| 8.255E-01
  794.33| 7.865E-01
  806.62| 7.492E-01
  819.09| 7.142E-01
  831.76| 6.816E-01
  844.63| 6.510E-01
  857.70| 6.221E-01
  870.96| 5.949E-01
  884.44| 5.696E-01
  898.12| 5.456E-01
  912.01| 5.214E-01
  926.12| 4.974E-01
  940.44| 4.741E-01
  954.99| 4.527E-01
  969.77| 4.328E-01
  984.77| 4.142E-01
