   25.51| 8.163E-04
   25.90| 1.083E-03
   26.30| 1.401E-03
   26.71| 1.908E-03
   27.12| 2.478E-03
   27.54| 3.206E-03
   27.97| 4.167E-03
   28.40| 5.391E-03
   28.84| 6.937E-03
   29.29| 8.853E-03
   29.74| 1.128E-02
   30.20| 1.419E-02
   30.67| 1.785E-02
   31.14| 2.234E-02
   31.62| 2.773E-02
   32.11| 3.469E-02
   32.61| 4.275E-02
   33.11| 5.264E-02
   33.63| 6.428E-02
   34.15| 7.869E-02
   34.67| 9.567E-02
   35.21| 1.153E-01
   35.75| 1.398E-01
   36.31| 1.679E-01
   36.87| 2.022E-01
   37.44| 2.437E-01
   38.02| 2.941E-01
   38.61| 3.486E-01
   39.20| 4.091E-01
   39.81| 4.742E-01
   40.43| 5.545E-01
   41.05| 6.466E-01
   41.69| 7.553E-01
   42.33| 8.762E-01
   42.99| 1.013E+00
   43.65| 1.174E+00
   44.33| 1.355E+00
   45.01| 1.558E+00
   45.71| 1.783E+00
   46.42| 2.028E+00
   47.13| 2.314E+00
   47.86| 2.625E+00
   48.60| 2.970E+00
   49.36| 3.348E+00
   50.12| 3.778E+00
   50.89| 4.242E+00
   51.68| 4.745E+00
   52.48| 5.301E+00
   53.29| 5.890E+00
   54.12| 6.532E+00
   54.95| 7.195E+00
   55.80| 7.907E+00
   56.67| 8.701E+00
   57.54| 9.591E+00
   58.43| 1.055E+01
   59.34| 1.159E+01
   60.26| 1.258E+01
   61.19| 1.363E+01
   62.13| 1.482E+01
   63.10| 1.607E+01
   64.07| 1.749E+01
   65.06| 1.907E+01
   66.07| 2.040E+01
   67.09| 2.171E+01
   68.13| 2.333E+01
   69.18| 2.518E+01
   70.25| 2.691E+01
   71.34| 2.857E+01
   72.44| 3.027E+01
   73.56| 3.213E+01
   74.70| 3.405E+01
   75.86| 3.612E+01
   77.03| 3.798E+01
   78.22| 4.003E+01
   79.43| 4.246E+01
   80.66| 4.472E+01
   81.91| 4.656E+01
   83.18| 4.904E+01
   84.46| 5.145E+01
   85.77| 5.373E+01
   87.10| 5.618E+01
   88.44| 5.828E+01
   89.81| 6.036E+01
   91.20| 6.258E+01
   92.61| 6.501E+01
   94.04| 6.686E+01
   95.50| 6.919E+01
   96.98| 7.159E+01
   98.48| 7.378E+01
  100.00| 7.598E+01
  101.55| 7.813E+01
  103.12| 7.966E+01
  104.71| 8.134E+01
  106.33| 8.367E+01
  107.98| 8.566E+01
  109.65| 8.708E+01
  111.34| 8.778E+01
  113.07| 8.850E+01
  114.82| 8.968E+01
  116.59| 9.087E+01
  118.39| 9.207E+01
  120.23| 9.297E+01
  122.09| 9.371E+01
  123.97| 9.397E+01
  125.89| 9.517E+01
  127.84| 9.587E+01
  129.82| 9.539E+01
  131.83| 9.525E+01
  133.86| 9.546E+01
  135.94| 9.662E+01
  138.04| 9.761E+01
  140.17| 9.682E+01
  142.34| 9.555E+01
  144.54| 9.552E+01
  146.78| 9.700E+01
  149.05| 9.847E+01
  151.36| 9.710E+01
  153.70| 9.398E+01
  156.08| 9.249E+01
  158.49| 9.232E+01
  160.94| 9.120E+01
  163.43| 8.865E+01
  165.96| 8.587E+01
  168.53| 8.407E+01
  171.13| 8.287E+01
  173.78| 8.202E+01
  176.47| 8.161E+01
  179.20| 8.072E+01
  181.97| 7.886E+01
  184.78| 7.699E+01
  187.64| 7.614E+01
  190.55| 7.548E+01
  193.49| 7.352E+01
  196.49| 7.154E+01
  199.53| 6.955E+01
  202.61| 6.795E+01
  205.75| 6.634E+01
  208.93| 6.460E+01
  212.16| 6.289E+01
  215.44| 6.114E+01
  218.78| 5.939E+01
  222.16| 5.764E+01
  225.60| 5.589E+01
  229.09| 5.413E+01
  232.63| 5.261E+01
  236.23| 5.113E+01
  239.88| 4.966E+01
  243.59| 4.812E+01
  247.36| 4.666E+01
  251.19| 4.516E+01
  255.07| 4.375E+01
  259.02| 4.235E+01
  263.03| 4.097E+01
  267.10| 3.965E+01
  271.23| 3.830E+01
  275.42| 3.705E+01
  279.68| 3.579E+01
  284.01| 3.456E+01
  288.40| 3.335E+01
  292.86| 3.217E+01
  297.39| 3.103E+01
  302.00| 2.991E+01
  306.67| 2.886E+01
  311.41| 2.774E+01
  316.23| 2.659E+01
  321.12| 2.558E+01
  326.09| 2.465E+01
  331.13| 2.375E+01
  336.25| 2.288E+01
  341.45| 2.208E+01
  346.74| 2.127E+01
  352.10| 2.052E+01
  357.55| 1.978E+01
  363.08| 1.906E+01
  368.69| 1.835E+01
  374.40| 1.766E+01
  380.19| 1.699E+01
  386.07| 1.639E+01
  392.04| 1.582E+01
  398.11| 1.521E+01
  404.27| 1.456E+01
  410.52| 1.391E+01
  416.87| 1.327E+01
  423.32| 1.268E+01
  429.87| 1.214E+01
  436.52| 1.163E+01
  443.27| 1.117E+01
  450.13| 1.072E+01
  457.09| 1.029E+01
  464.16| 9.854E+00
  471.34| 9.441E+00
  478.63| 9.046E+00
  486.03| 8.661E+00
  493.55| 8.303E+00
  501.19| 7.947E+00
  508.94| 7.601E+00
  516.81| 7.281E+00
  524.81| 6.968E+00
  532.93| 6.678E+00
  541.17| 6.393E+00
  549.54| 6.128E+00
  558.04| 5.872E+00
  566.67| 5.624E+00
  575.44| 5.386E+00
  584.34| 5.154E+00
  593.38| 4.931E+00
  602.56| 4.716E+00
  611.88| 4.512E+00
  621.35| 4.320E+00
  630.96| 4.132E+00
  640.72| 3.959E+00
  650.63| 3.794E+00
  660.69| 3.635E+00
  670.91| 3.483E+00
  681.29| 3.345E+00
  691.83| 3.210E+00
  702.53| 3.082E+00
  713.40| 2.959E+00
  724.44| 2.832E+00
  735.64| 2.705E+00
  747.02| 2.581E+00
  758.58| 2.460E+00
  770.31| 2.343E+00
  782.23| 2.238E+00
  794.33| 2.136E+00
  806.62| 2.039E+00
  819.09| 1.948E+00
  831.76| 1.865E+00
  844.63| 1.786E+00
  857.70| 1.712E+00
  870.96| 1.642E+00
  884.44| 1.577E+00
  898.12| 1.516E+00
  912.01| 1.452E+00
  926.12| 1.388E+00
  940.44| 1.325E+00
  954.99| 1.267E+00
  969.77| 1.213E+00
  984.77| 1.162E+00
