   25.51| 4.432E+03
   25.90| 4.642E+03
   26.30| 4.766E+03
   26.71| 5.102E+03
   27.12| 5.321E+03
   27.54| 5.499E+03
   27.97| 5.777E+03
   28.40| 6.028E+03
   28.84| 6.278E+03
   29.29| 6.497E+03
   29.74| 6.725E+03
   30.20| 6.933E+03
   30.67| 7.141E+03
   31.14| 7.342E+03
   31.62| 7.523E+03
   32.11| 7.756E+03
   32.61| 7.945E+03
   33.11| 8.123E+03
   33.63| 8.278E+03
   34.15| 8.466E+03
   34.67| 8.649E+03
   35.21| 8.766E+03
   35.75| 8.957E+03
   36.31| 9.081E+03
   36.87| 9.283E+03
   37.44| 9.499E+03
   38.02| 9.720E+03
   38.61| 9.869E+03
   39.20| 9.940E+03
   39.81| 9.909E+03
   40.43| 9.977E+03
   41.05| 1.006E+04
   41.69| 1.015E+04
   42.33| 1.021E+04
   42.99| 1.025E+04
   43.65| 1.030E+04
   44.33| 1.039E+04
   45.01| 1.046E+04
   45.71| 1.049E+04
   46.42| 1.046E+04
   47.13| 1.050E+04
   47.86| 1.051E+04
   48.60| 1.049E+04
   49.36| 1.050E+04
   50.12| 1.050E+04
   50.89| 1.045E+04
   51.68| 1.041E+04
   52.48| 1.034E+04
   53.29| 1.028E+04
   54.12| 1.021E+04
   54.95| 1.012E+04
   55.80| 9.983E+03
   56.67| 9.887E+03
   57.54| 9.831E+03
   58.43| 9.767E+03
   59.34| 9.690E+03
   60.26| 9.622E+03
   61.19| 9.422E+03
   62.13| 9.297E+03
   63.10| 9.214E+03
   64.07| 9.132E+03
   65.06| 8.982E+03
   66.07| 8.877E+03
   67.09| 8.648E+03
   68.13| 8.460E+03
   69.18| 8.428E+03
   70.25| 8.327E+03
   71.34| 8.167E+03
   72.44| 7.967E+03
   73.56| 7.839E+03
   74.70| 7.697E+03
   75.86| 7.569E+03
   77.03| 7.348E+03
   78.22| 7.219E+03
   79.43| 7.122E+03
   80.66| 6.916E+03
   81.91| 6.762E+03
   83.18| 6.678E+03
   84.46| 6.524E+03
   85.77| 6.324E+03
   87.10| 6.178E+03
   88.44| 6.032E+03
   89.81| 5.859E+03
   91.20| 5.682E+03
   92.61| 5.569E+03
   94.04| 5.441E+03
   95.50| 5.274E+03
   96.98| 5.145E+03
   98.48| 5.014E+03
  100.00| 4.875E+03
  101.55| 4.736E+03
  103.12| 4.591E+03
  104.71| 4.461E+03
  106.33| 4.343E+03
  107.98| 4.203E+03
  109.65| 4.065E+03
  111.34| 3.930E+03
  113.07| 3.788E+03
  114.82| 3.670E+03
  116.59| 3.557E+03
  118.39| 3.433E+03
  120.23| 3.306E+03
  122.09| 3.230E+03
  123.97| 3.174E+03
  125.89| 3.059E+03
  127.84| 2.908E+03
  129.82| 2.779E+03
  131.83| 2.681E+03
  133.86| 2.584E+03
  135.94| 2.480E+03
  138.04| 2.401E+03
  140.17| 2.340E+03
  142.34| 2.252E+03
  144.54| 2.155E+03
  146.78| 2.073E+03
  149.05| 2.001E+03
  151.36| 1.919E+03
  153.70| 1.826E+03
  156.08| 1.741E+03
  158.49| 1.671E+03
  160.94| 1.603E+03
  163.43| 1.535E+03
  165.96| 1.471E+03
  168.53| 1.412E+03
  171.13| 1.353E+03
  173.78| 1.297E+03
  176.47| 1.249E+03
  179.20| 1.198E+03
  181.97| 1.147E+03
  184.78| 1.100E+03
  187.64| 1.054E+03
  190.55| 1.012E+03
  193.49| 9.669E+02
  196.49| 9.239E+02
  199.53| 8.826E+02
  202.61| 8.441E+02
  205.75| 8.071E+02
  208.93| 7.711E+02
  212.16| 7.367E+02
  215.44| 7.035E+02
  218.78| 6.716E+02
  222.16| 6.411E+02
  225.60| 6.118E+02
  229.09| 5.836E+02
  232.63| 5.572E+02
  236.23| 5.319E+02
  239.88| 5.077E+02
  243.59| 4.843E+02
  247.36| 4.621E+02
  251.19| 4.406E+02
  255.07| 4.203E+02
  259.02| 4.018E+02
  263.03| 3.835E+02
  267.10| 3.658E+02
  271.23| 3.482E+02
  275.42| 3.323E+02
  279.68| 3.188E+02
  284.01| 3.044E+02
  288.40| 2.904E+02
  292.86| 2.767E+02
  297.39| 2.636E+02
  302.00| 2.512E+02
  306.67| 2.398E+02
  311.41| 2.289E+02
  316.23| 2.185E+02
  321.12| 2.083E+02
  326.09| 1.988E+02
  331.13| 1.897E+02
  336.25| 1.811E+02
  341.45| 1.731E+02
  346.74| 1.653E+02
  352.10| 1.580E+02
  357.55| 1.509E+02
  363.08| 1.443E+02
  368.69| 1.377E+02
  374.40| 1.315E+02
  380.19| 1.257E+02
  386.07| 1.206E+02
  392.04| 1.157E+02
  398.11| 1.107E+02
  404.27| 1.055E+02
  410.52| 1.004E+02
  416.87| 9.544E+01
  423.32| 9.090E+01
  429.87| 8.669E+01
  436.52| 8.274E+01
  443.27| 7.906E+01
  450.13| 7.551E+01
  457.09| 7.212E+01
  464.16| 6.872E+01
  471.34| 6.549E+01
  478.63| 6.242E+01
  486.03| 5.946E+01
  493.55| 5.670E+01
  501.19| 5.402E+01
  508.94| 5.143E+01
  516.81| 4.904E+01
  524.81| 4.675E+01
  532.93| 4.464E+01
  541.17| 4.263E+01
  549.54| 4.075E+01
  558.04| 3.895E+01
  566.67| 3.724E+01
  575.44| 3.560E+01
  584.34| 3.403E+01
  593.38| 3.250E+01
  602.56| 3.104E+01
  611.88| 2.964E+01
  621.35| 2.832E+01
  630.96| 2.703E+01
  640.72| 2.583E+01
  650.63| 2.467E+01
  660.69| 2.358E+01
  670.91| 2.253E+01
  681.29| 2.158E+01
  691.83| 2.066E+01
  702.53| 1.979E+01
  713.40| 1.897E+01
  724.44| 1.819E+01
  735.64| 1.744E+01
  747.02| 1.671E+01
  758.58| 1.601E+01
  770.31| 1.532E+01
  782.23| 1.468E+01
  794.33| 1.406E+01
  806.62| 1.345E+01
  819.09| 1.286E+01
  831.76| 1.231E+01
  844.63| 1.178E+01
  857.70| 1.126E+01
  870.96| 1.077E+01
  884.44| 1.030E+01
  898.12| 9.851E+00
  912.01| 9.425E+00
  926.12| 9.015E+00
  940.44| 8.614E+00
  954.99| 8.243E+00
  969.77| 7.894E+00
  984.77| 7.564E+00
