   25.51| 4.227E+02
   25.90| 4.589E+02
   26.30| 4.878E+02
   26.71| 5.428E+02
   27.12| 5.844E+02
   27.54| 6.252E+02
   27.97| 6.773E+02
   28.40| 7.302E+02
   28.84| 7.850E+02
   29.29| 8.386E+02
   29.74| 8.961E+02
   30.20| 9.513E+02
   30.67| 1.010E+03
   31.14| 1.070E+03
   31.62| 1.128E+03
   32.11| 1.198E+03
   32.61| 1.261E+03
   33.11| 1.326E+03
   33.63| 1.388E+03
   34.15| 1.459E+03
   34.67| 1.529E+03
   35.21| 1.591E+03
   35.75| 1.668E+03
   36.31| 1.735E+03
   36.87| 1.817E+03
   37.44| 1.906E+03
   38.02| 2.001E+03
   38.61| 2.078E+03
   39.20| 2.139E+03
   39.81| 2.180E+03
   40.43| 2.244E+03
   41.05| 2.310E+03
   41.69| 2.383E+03
   42.33| 2.449E+03
   42.99| 2.510E+03
   43.65| 2.577E+03
   44.33| 2.650E+03
   45.01| 2.719E+03
   45.71| 2.780E+03
   46.42| 2.828E+03
   47.13| 2.892E+03
   47.86| 2.947E+03
   48.60| 2.996E+03
   49.36| 3.049E+03
   50.12| 3.104E+03
   50.89| 3.145E+03
   51.68| 3.186E+03
   52.48| 3.221E+03
   53.29| 3.253E+03
   54.12| 3.281E+03
   54.95| 3.299E+03
   55.80| 3.306E+03
   56.67| 3.323E+03
   57.54| 3.353E+03
   58.43| 3.379E+03
   59.34| 3.402E+03
   60.26| 3.415E+03
   61.19| 3.395E+03
   62.13| 3.397E+03
   63.10| 3.406E+03
   64.07| 3.422E+03
   65.06| 3.423E+03
   66.07| 3.413E+03
   67.09| 3.367E+03
   68.13| 3.342E+03
   69.18| 3.363E+03
   70.25| 3.356E+03
   71.34| 3.325E+03
   72.44| 3.282E+03
   73.56| 3.261E+03
   74.70| 3.235E+03
   75.86| 3.213E+03
   77.03| 3.157E+03
   78.22| 3.129E+03
   79.43| 3.117E+03
   80.66| 3.067E+03
   81.91| 3.019E+03
   83.18| 3.004E+03
   84.46| 2.966E+03
   85.77| 2.909E+03
   87.10| 2.870E+03
   88.44| 2.822E+03
   89.81| 2.766E+03
   91.20| 2.709E+03
   92.61| 2.674E+03
   94.04| 2.625E+03
   95.50| 2.571E+03
   96.98| 2.528E+03
   98.48| 2.482E+03
  100.00| 2.432E+03
  101.55| 2.382E+03
  103.12| 2.323E+03
  104.71| 2.270E+03
  106.33| 2.228E+03
  107.98| 2.175E+03
  109.65| 2.117E+03
  111.34| 2.055E+03
  113.07| 1.991E+03
  114.82| 1.940E+03
  116.59| 1.890E+03
  118.39| 1.837E+03
  120.23| 1.781E+03
  122.09| 1.742E+03
  123.97| 1.708E+03
  125.89| 1.659E+03
  127.84| 1.595E+03
  129.82| 1.532E+03
  131.83| 1.483E+03
  133.86| 1.436E+03
  135.94| 1.392E+03
  138.04| 1.357E+03
  140.17| 1.320E+03
  142.34| 1.271E+03
  144.54| 1.226E+03
  146.78| 1.192E+03
  149.05| 1.163E+03
  151.36| 1.118E+03
  153.70| 1.062E+03
  156.08| 1.017E+03
  158.49| 9.822E+02
  160.94| 9.455E+02
  163.43| 9.041E+02
  165.96| 8.638E+02
  168.53| 8.294E+02
  171.13| 7.976E+02
  173.78| 7.685E+02
  176.47| 7.441E+02
  179.20| 7.170E+02
  181.97| 6.872E+02
  184.78| 6.596E+02
  187.64| 6.351E+02
  190.55| 6.132E+02
  193.49| 5.868E+02
  196.49| 5.613E+02
  199.53| 5.367E+02
  202.61| 5.145E+02
  205.75| 4.931E+02
  208.93| 4.719E+02
  212.16| 4.517E+02
  215.44| 4.320E+02
  218.78| 4.131E+02
  222.16| 3.948E+02
  225.60| 3.772E+02
  229.09| 3.602E+02
  232.63| 3.446E+02
  236.23| 3.296E+02
  239.88| 3.153E+02
  243.59| 3.012E+02
  247.36| 2.878E+02
  251.19| 2.749E+02
  255.07| 2.626E+02
  259.02| 2.512E+02
  263.03| 2.401E+02
  267.10| 2.293E+02
  271.23| 2.186E+02
  275.42| 2.089E+02
  279.68| 2.002E+02
  284.01| 1.913E+02
  288.40| 1.827E+02
  292.86| 1.743E+02
  297.39| 1.663E+02
  302.00| 1.586E+02
  306.67| 1.515E+02
  311.41| 1.446E+02
  316.23| 1.378E+02
  321.12| 1.315E+02
  326.09| 1.256E+02
  331.13| 1.199E+02
  336.25| 1.145E+02
  341.45| 1.096E+02
  346.74| 1.047E+02
  352.10| 1.001E+02
  357.55| 9.574E+01
  363.08| 9.156E+01
  368.69| 8.748E+01
  374.40| 8.355E+01
  380.19| 7.989E+01
  386.07| 7.663E+01
  392.04| 7.353E+01
  398.11| 7.032E+01
  404.27| 6.699E+01
  410.52| 6.374E+01
  416.87| 6.055E+01
  423.32| 5.764E+01
  429.87| 5.495E+01
  436.52| 5.243E+01
  443.27| 5.010E+01
  450.13| 4.786E+01
  457.09| 4.571E+01
  464.16| 4.357E+01
  471.34| 4.153E+01
  478.63| 3.959E+01
  486.03| 3.772E+01
  493.55| 3.599E+01
  501.19| 3.429E+01
  508.94| 3.265E+01
  516.81| 3.114E+01
  524.81| 2.969E+01
  532.93| 2.835E+01
  541.17| 2.706E+01
  549.54| 2.586E+01
  558.04| 2.471E+01
  566.67| 2.362E+01
  575.44| 2.257E+01
  584.34| 2.156E+01
  593.38| 2.058E+01
  602.56| 1.965E+01
  611.88| 1.876E+01
  621.35| 1.792E+01
  630.96| 1.709E+01
  640.72| 1.633E+01
  650.63| 1.561E+01
  660.69| 1.491E+01
  670.91| 1.425E+01
  681.29| 1.365E+01
  691.83| 1.306E+01
  702.53| 1.252E+01
  713.40| 1.199E+01
  724.44| 1.148E+01
  735.64| 1.099E+01
  747.02| 1.052E+01
  758.58| 1.005E+01
  770.31| 9.605E+00
  782.23| 9.192E+00
  794.33| 8.788E+00
  806.62| 8.396E+00
  819.09| 8.026E+00
  831.76| 7.677E+00
  844.63| 7.343E+00
  857.70| 7.023E+00
  870.96| 6.718E+00
  884.44| 6.430E+00
  898.12| 6.155E+00
  912.01| 5.888E+00
  926.12| 5.628E+00
  940.44| 5.374E+00
  954.99| 5.140E+00
  969.77| 4.920E+00
  984.77| 4.713E+00
