   25.51| 2.032E+02
   25.90| 2.082E+02
   26.30| 2.106E+02
   26.71| 2.187E+02
   27.12| 2.241E+02
   27.54| 2.276E+02
   27.97| 2.343E+02
   28.40| 2.398E+02
   28.84| 2.451E+02
   29.29| 2.491E+02
   29.74| 2.530E+02
   30.20| 2.565E+02
   30.67| 2.598E+02
   31.14| 2.628E+02
   31.62| 2.654E+02
   32.11| 2.684E+02
   32.61| 2.706E+02
   33.11| 2.720E+02
   33.63| 2.733E+02
   34.15| 2.749E+02
   34.67| 2.767E+02
   35.21| 2.765E+02
   35.75| 2.784E+02
   36.31| 2.784E+02
   36.87| 2.806E+02
   37.44| 2.823E+02
   38.02| 2.840E+02
   38.61| 2.848E+02
   39.20| 2.842E+02
   39.81| 2.816E+02
   40.43| 2.809E+02
   41.05| 2.803E+02
   41.69| 2.801E+02
   42.33| 2.787E+02
   42.99| 2.772E+02
   43.65| 2.757E+02
   44.33| 2.751E+02
   45.01| 2.744E+02
   45.71| 2.729E+02
   46.42| 2.704E+02
   47.13| 2.690E+02
   47.86| 2.674E+02
   48.60| 2.650E+02
   49.36| 2.635E+02
   50.12| 2.618E+02
   50.89| 2.592E+02
   51.68| 2.570E+02
   52.48| 2.541E+02
   53.29| 2.515E+02
   54.12| 2.487E+02
   54.95| 2.459E+02
   55.80| 2.423E+02
   56.67| 2.396E+02
   57.54| 2.376E+02
   58.43| 2.357E+02
   59.34| 2.335E+02
   60.26| 2.319E+02
   61.19| 2.278E+02
   62.13| 2.252E+02
   63.10| 2.235E+02
   64.07| 2.218E+02
   65.06| 2.188E+02
   66.07| 2.172E+02
   67.09| 2.134E+02
   68.13| 2.101E+02
   69.18| 2.097E+02
   70.25| 2.082E+02
   71.34| 2.058E+02
   72.44| 2.027E+02
   73.56| 2.009E+02
   74.70| 1.989E+02
   75.86| 1.972E+02
   77.03| 1.939E+02
   78.22| 1.923E+02
   79.43| 1.913E+02
   80.66| 1.884E+02
   81.91| 1.865E+02
   83.18| 1.858E+02
   84.46| 1.840E+02
   85.77| 1.813E+02
   87.10| 1.797E+02
   88.44| 1.780E+02
   89.81| 1.757E+02
   91.20| 1.734E+02
   92.61| 1.722E+02
   94.04| 1.706E+02
   95.50| 1.684E+02
   96.98| 1.668E+02
   98.48| 1.651E+02
  100.00| 1.632E+02
  101.55| 1.613E+02
  103.12| 1.589E+02
  104.71| 1.569E+02
  106.33| 1.551E+02
  107.98| 1.528E+02
  109.65| 1.503E+02
  111.34| 1.475E+02
  113.07| 1.445E+02
  114.82| 1.421E+02
  116.59| 1.397E+02
  118.39| 1.371E+02
  120.23| 1.344E+02
  122.09| 1.324E+02
  123.97| 1.306E+02
  125.89| 1.281E+02
  127.84| 1.248E+02
  129.82| 1.215E+02
  131.83| 1.188E+02
  133.86| 1.162E+02
  135.94| 1.138E+02
  138.04| 1.118E+02
  140.17| 1.094E+02
  142.34| 1.064E+02
  144.54| 1.037E+02
  146.78| 1.019E+02
  149.05| 1.001E+02
  151.36| 9.724E+01
  153.70| 9.358E+01
  156.08| 9.062E+01
  158.49| 8.839E+01
  160.94| 8.589E+01
  163.43| 8.292E+01
  165.96| 7.995E+01
  168.53| 7.742E+01
  171.13| 7.512E+01
  173.78| 7.301E+01
  176.47| 7.121E+01
  179.20| 6.920E+01
  181.97| 6.687E+01
  184.78| 6.465E+01
  187.64| 6.277E+01
  190.55| 6.105E+01
  193.49| 5.887E+01
  196.49| 5.673E+01
  199.53| 5.463E+01
  202.61| 5.273E+01
  205.75| 5.087E+01
  208.93| 4.900E+01
  212.16| 4.719E+01
  215.44| 4.540E+01
  218.78| 4.366E+01
  222.16| 4.196E+01
  225.60| 4.030E+01
  229.09| 3.868E+01
  232.63| 3.718E+01
  236.23| 3.574E+01
  239.88| 3.434E+01
  243.59| 3.294E+01
  247.36| 3.162E+01
  251.19| 3.031E+01
  255.07| 2.907E+01
  259.02| 2.788E+01
  263.03| 2.671E+01
  267.10| 2.559E+01
  271.23| 2.449E+01
  275.42| 2.345E+01
  279.68| 2.249E+01
  284.01| 2.152E+01
  288.40| 2.057E+01
  292.86| 1.966E+01
  297.39| 1.879E+01
  302.00| 1.795E+01
  306.67| 1.716E+01
  311.41| 1.635E+01
  316.23| 1.552E+01
  321.12| 1.480E+01
  326.09| 1.414E+01
  331.13| 1.353E+01
  336.25| 1.294E+01
  341.45| 1.240E+01
  346.74| 1.187E+01
  352.10| 1.138E+01
  357.55| 1.090E+01
  363.08| 1.044E+01
  368.69| 9.979E+00
  374.40| 9.537E+00
  380.19| 9.127E+00
  386.07| 8.763E+00
  392.04| 8.417E+00
  398.11| 8.047E+00
  404.27| 7.648E+00
  410.52| 7.246E+00
  416.87| 6.849E+00
  423.32| 6.492E+00
  429.87| 6.171E+00
  436.52| 5.878E+00
  443.27| 5.612E+00
  450.13| 5.357E+00
  457.09| 5.113E+00
  464.16| 4.870E+00
  471.34| 4.640E+00
  478.63| 4.420E+00
  486.03| 4.209E+00
  493.55| 4.011E+00
  501.19| 3.819E+00
  508.94| 3.634E+00
  516.81| 3.462E+00
  524.81| 3.296E+00
  532.93| 3.144E+00
  541.17| 2.997E+00
  549.54| 2.861E+00
  558.04| 2.729E+00
  566.67| 2.604E+00
  575.44| 2.483E+00
  584.34| 2.368E+00
  593.38| 2.256E+00
  602.56| 2.149E+00
  611.88| 2.047E+00
  621.35| 1.951E+00
  630.96| 1.858E+00
  640.72| 1.772E+00
  650.63| 1.690E+00
  660.69| 1.612E+00
  670.91| 1.539E+00
  681.29| 1.472E+00
  691.83| 1.407E+00
  702.53| 1.346E+00
  713.40| 1.288E+00
  724.44| 1.230E+00
  735.64| 1.174E+00
  747.02| 1.120E+00
  758.58| 1.067E+00
  770.31| 1.016E+00
  782.23| 9.701E-01
  794.33| 9.250E-01
  806.62| 8.816E-01
  819.09| 8.409E-01
  831.76| 8.028E-01
  844.63| 7.668E-01
  857.70| 7.326E-01
  870.96| 7.004E-01
  884.44| 6.703E-01
  898.12| 6.417E-01
  912.01| 6.132E-01
  926.12| 5.853E-01
  940.44| 5.581E-01
  954.99| 5.330E-01
  969.77| 5.097E-01
  984.77| 4.879E-01
