   25.51| 1.301E-02
   25.90| 1.629E-02
   26.30| 2.005E-02
   26.71| 2.552E-02
   27.12| 3.150E-02
   27.54| 3.871E-02
   27.97| 4.771E-02
   28.40| 5.857E-02
   28.84| 7.160E-02
   29.29| 8.690E-02
   29.74| 1.052E-01
   30.20| 1.263E-01
   30.67| 1.514E-01
   31.14| 1.809E-01
   31.62| 2.148E-01
   32.11| 2.559E-01
   32.61| 3.016E-01
   33.11| 3.547E-01
   33.63| 4.151E-01
   34.15| 4.860E-01
   34.67| 5.665E-01
   35.21| 6.554E-01
   35.75| 7.618E-01
   36.31| 8.788E-01
   36.87| 1.016E+00
   37.44| 1.175E+00
   38.02| 1.358E+00
   38.61| 1.551E+00
   39.20| 1.759E+00
   39.81| 1.977E+00
   40.43| 2.235E+00
   41.05| 2.519E+00
   41.69| 2.844E+00
   42.33| 3.187E+00
   42.99| 3.566E+00
   43.65| 3.991E+00
   44.33| 4.457E+00
   45.01| 4.961E+00
   45.71| 5.500E+00
   46.42| 6.069E+00
   47.13| 6.705E+00
   47.86| 7.378E+00
   48.60| 8.098E+00
   49.36| 8.869E+00
   50.12| 9.713E+00
   50.89| 1.060E+01
   51.68| 1.153E+01
   52.48| 1.252E+01
   53.29| 1.353E+01
   54.12| 1.460E+01
   54.95| 1.568E+01
   55.80| 1.681E+01
   56.67| 1.804E+01
   57.54| 1.937E+01
   58.43| 2.076E+01
   59.34| 2.221E+01
   60.26| 2.360E+01
   61.19| 2.500E+01
   62.13| 2.655E+01
   63.10| 2.814E+01
   64.07| 2.989E+01
   65.06| 3.175E+01
   66.07| 3.333E+01
   67.09| 3.485E+01
   68.13| 3.661E+01
   69.18| 3.860E+01
   70.25| 4.042E+01
   71.34| 4.211E+01
   72.44| 4.378E+01
   73.56| 4.558E+01
   74.70| 4.738E+01
   75.86| 4.925E+01
   77.03| 5.088E+01
   78.22| 5.266E+01
   79.43| 5.470E+01
   80.66| 5.651E+01
   81.91| 5.800E+01
   83.18| 5.996E+01
   84.46| 6.179E+01
   85.77| 6.345E+01
   87.10| 6.522E+01
   88.44| 6.669E+01
   89.81| 6.807E+01
   91.20| 6.949E+01
   92.61| 7.103E+01
   94.04| 7.215E+01
   95.50| 7.347E+01
   96.98| 7.481E+01
   98.48| 7.596E+01
  100.00| 7.705E+01
  101.55| 7.804E+01
  103.12| 7.860E+01
  104.71| 7.919E+01
  106.33| 8.015E+01
  107.98| 8.076E+01
  109.65| 8.100E+01
  111.34| 8.081E+01
  113.07| 8.055E+01
  114.82| 8.052E+01
  116.59| 8.044E+01
  118.39| 8.030E+01
  120.23| 7.997E+01
  122.09| 7.962E+01
  123.97| 7.905E+01
  125.89| 7.883E+01
  127.84| 7.827E+01
  129.82| 7.716E+01
  131.83| 7.622E+01
  133.86| 7.544E+01
  135.94| 7.505E+01
  138.04| 7.461E+01
  140.17| 7.337E+01
  142.34| 7.186E+01
  144.54| 7.089E+01
  146.78| 7.062E+01
  149.05| 7.035E+01
  151.36| 6.879E+01
  153.70| 6.646E+01
  156.08| 6.487E+01
  158.49| 6.388E+01
  160.94| 6.251E+01
  163.43| 6.054E+01
  165.96| 5.850E+01
  168.53| 5.691E+01
  171.13| 5.557E+01
  173.78| 5.439E+01
  176.47| 5.343E+01
  179.20| 5.227E+01
  181.97| 5.073E+01
  184.78| 4.921E+01
  187.64| 4.810E+01
  190.55| 4.709E+01
  193.49| 4.558E+01
  196.49| 4.407E+01
  199.53| 4.259E+01
  202.61| 4.127E+01
  205.75| 3.997E+01
  208.93| 3.863E+01
  212.16| 3.733E+01
  215.44| 3.604E+01
  218.78| 3.476E+01
  222.16| 3.350E+01
  225.60| 3.226E+01
  229.09| 3.105E+01
  232.63| 2.994E+01
  236.23| 2.886E+01
  239.88| 2.781E+01
  243.59| 2.675E+01
  247.36| 2.574E+01
  251.19| 2.474E+01
  255.07| 2.378E+01
  259.02| 2.285E+01
  263.03| 2.194E+01
  267.10| 2.107E+01
  271.23| 2.020E+01
  275.42| 1.939E+01
  279.68| 1.858E+01
  284.01| 1.781E+01
  288.40| 1.705E+01
  292.86| 1.633E+01
  297.39| 1.563E+01
  302.00| 1.495E+01
  306.67| 1.432E+01
  311.41| 1.364E+01
  316.23| 1.294E+01
  321.12| 1.235E+01
  326.09| 1.182E+01
  331.13| 1.132E+01
  336.25| 1.084E+01
  341.45| 1.040E+01
  346.74| 9.969E+00
  352.10| 9.564E+00
  357.55| 9.172E+00
  363.08| 8.792E+00
  368.69| 8.415E+00
  374.40| 8.049E+00
  380.19| 7.708E+00
  386.07| 7.405E+00
  392.04| 7.116E+00
  398.11| 6.806E+00
  404.27| 6.470E+00
  410.52| 6.131E+00
  416.87| 5.795E+00
  423.32| 5.493E+00
  429.87| 5.222E+00
  436.52| 4.976E+00
  443.27| 4.752E+00
  450.13| 4.538E+00
  457.09| 4.333E+00
  464.16| 4.129E+00
  471.34| 3.935E+00
  478.63| 3.751E+00
  486.03| 3.573E+00
  493.55| 3.407E+00
  501.19| 3.245E+00
  508.94| 3.088E+00
  516.81| 2.943E+00
  524.81| 2.803E+00
  532.93| 2.674E+00
  541.17| 2.550E+00
  549.54| 2.433E+00
  558.04| 2.322E+00
  566.67| 2.215E+00
  575.44| 2.112E+00
  584.34| 2.014E+00
  593.38| 1.918E+00
  602.56| 1.827E+00
  611.88| 1.740E+00
  621.35| 1.659E+00
  630.96| 1.580E+00
  640.72| 1.507E+00
  650.63| 1.437E+00
  660.69| 1.371E+00
  670.91| 1.308E+00
  681.29| 1.252E+00
  691.83| 1.197E+00
  702.53| 1.145E+00
  713.40| 1.096E+00
  724.44| 1.046E+00
  735.64| 9.975E-01
  747.02| 9.505E-01
  758.58| 9.045E-01
  770.31| 8.603E-01
  782.23| 8.205E-01
  794.33| 7.818E-01
  806.62| 7.446E-01
  819.09| 7.098E-01
  831.76| 6.775E-01
  844.63| 6.470E-01
  857.70| 6.183E-01
  870.96| 5.913E-01
  884.44| 5.661E-01
  898.12| 5.423E-01
  912.01| 5.182E-01
  926.12| 4.944E-01
  940.44| 4.712E-01
  954.99| 4.499E-01
  969.77| 4.301E-01
  984.77| 4.117E-01
