   25.51| 1.853E+00
   25.90| 1.909E+00
   26.30| 1.929E+00
   26.71| 2.028E+00
   27.12| 2.091E+00
   27.54| 2.134E+00
   27.97| 2.224E+00
   28.40| 2.303E+00
   28.84| 2.386E+00
   29.29| 2.460E+00
   29.74| 2.545E+00
   30.20| 2.632E+00
   30.67| 2.726E+00
   31.14| 2.828E+00
   31.62| 2.936E+00
   32.11| 3.077E+00
   32.61| 3.219E+00
   33.11| 3.375E+00
   33.63| 3.543E+00
   34.15| 3.750E+00
   34.67| 3.981E+00
   35.21| 4.213E+00
   35.75| 4.515E+00
   36.31| 4.823E+00
   36.87| 5.212E+00
   37.44| 5.665E+00
   38.02| 6.188E+00
   38.61| 6.711E+00
   39.20| 7.241E+00
   39.81| 7.754E+00
   40.43| 8.409E+00
   41.05| 9.142E+00
   41.69| 9.985E+00
   42.33| 1.088E+01
   42.99| 1.185E+01
   43.65| 1.296E+01
   44.33| 1.418E+01
   45.01| 1.550E+01
   45.71| 1.690E+01
   46.42| 1.834E+01
   47.13| 2.002E+01
   47.86| 2.176E+01
   48.60| 2.362E+01
   49.36| 2.562E+01
   50.12| 2.783E+01
   50.89| 3.011E+01
   51.68| 3.251E+01
   52.48| 3.508E+01
   53.29| 3.771E+01
   54.12| 4.049E+01
   54.95| 4.325E+01
   55.80| 4.609E+01
   56.67| 4.923E+01
   57.54| 5.272E+01
   58.43| 5.637E+01
   59.34| 6.022E+01
   60.26| 6.374E+01
   61.19| 6.721E+01
   62.13| 7.119E+01
   63.10| 7.531E+01
   64.07| 7.995E+01
   65.06| 8.495E+01
   66.07| 8.884E+01
   67.09| 9.239E+01
   68.13| 9.693E+01
   69.18| 1.024E+02
   70.25| 1.071E+02
   71.34| 1.113E+02
   72.44| 1.154E+02
   73.56| 1.200E+02
   74.70| 1.247E+02
   75.86| 1.296E+02
   77.03| 1.336E+02
   78.22| 1.381E+02
   79.43| 1.438E+02
   80.66| 1.484E+02
   81.91| 1.519E+02
   83.18| 1.572E+02
   84.46| 1.619E+02
   85.77| 1.661E+02
   87.10| 1.706E+02
   88.44| 1.741E+02
   89.81| 1.774E+02
   91.20| 1.808E+02
   92.61| 1.849E+02
   94.04| 1.874E+02
   95.50| 1.908E+02
   96.98| 1.945E+02
   98.48| 1.974E+02
  100.00| 2.003E+02
  101.55| 2.030E+02
  103.12| 2.042E+02
  104.71| 2.057E+02
  106.33| 2.087E+02
  107.98| 2.107E+02
  109.65| 2.114E+02
  111.34| 2.106E+02
  113.07| 2.097E+02
  114.82| 2.099E+02
  116.59| 2.101E+02
  118.39| 2.103E+02
  120.23| 2.098E+02
  122.09| 2.092E+02
  123.97| 2.078E+02
  125.89| 2.079E+02
  127.84| 2.068E+02
  129.82| 2.036E+02
  131.83| 2.012E+02
  133.86| 1.996E+02
  135.94| 1.996E+02
  138.04| 1.996E+02
  140.17| 1.964E+02
  142.34| 1.921E+02
  144.54| 1.901E+02
  146.78| 1.909E+02
  149.05| 1.917E+02
  151.36| 1.874E+02
  153.70| 1.801E+02
  156.08| 1.757E+02
  158.49| 1.738E+02
  160.94| 1.703E+02
  163.43| 1.644E+02
  165.96| 1.582E+02
  168.53| 1.538E+02
  171.13| 1.505E+02
  173.78| 1.478E+02
  176.47| 1.458E+02
  179.20| 1.432E+02
  181.97| 1.389E+02
  184.78| 1.348E+02
  187.64| 1.323E+02
  190.55| 1.302E+02
  193.49| 1.260E+02
  196.49| 1.219E+02
  199.53| 1.178E+02
  202.61| 1.144E+02
  205.75| 1.110E+02
  208.93| 1.075E+02
  212.16| 1.041E+02
  215.44| 1.006E+02
  218.78| 9.723E+01
  222.16| 9.388E+01
  225.60| 9.056E+01
  229.09| 8.728E+01
  232.63| 8.441E+01
  236.23| 8.162E+01
  239.88| 7.889E+01
  243.59| 7.609E+01
  247.36| 7.343E+01
  251.19| 7.076E+01
  255.07| 6.824E+01
  259.02| 6.578E+01
  263.03| 6.336E+01
  267.10| 6.105E+01
  271.23| 5.873E+01
  275.42| 5.658E+01
  279.68| 5.446E+01
  284.01| 5.239E+01
  288.40| 5.038E+01
  292.86| 4.842E+01
  297.39| 4.652E+01
  302.00| 4.469E+01
  306.67| 4.298E+01
  311.41| 4.119E+01
  316.23| 3.937E+01
  321.12| 3.776E+01
  326.09| 3.627E+01
  331.13| 3.484E+01
  336.25| 3.347E+01
  341.45| 3.220E+01
  346.74| 3.093E+01
  352.10| 2.975E+01
  357.55| 2.860E+01
  363.08| 2.749E+01
  368.69| 2.640E+01
  374.40| 2.533E+01
  380.19| 2.432E+01
  386.07| 2.340E+01
  392.04| 2.253E+01
  398.11| 2.161E+01
  404.27| 2.065E+01
  410.52| 1.970E+01
  416.87| 1.875E+01
  423.32| 1.789E+01
  429.87| 1.710E+01
  436.52| 1.636E+01
  443.27| 1.567E+01
  450.13| 1.501E+01
  457.09| 1.439E+01
  464.16| 1.375E+01
  471.34| 1.315E+01
  478.63| 1.258E+01
  486.03| 1.202E+01
  493.55| 1.151E+01
  501.19| 1.099E+01
  508.94| 1.050E+01
  516.81| 1.004E+01
  524.81| 9.594E+00
  532.93| 9.182E+00
  541.17| 8.779E+00
  549.54| 8.405E+00
  558.04| 8.043E+00
  566.67| 7.696E+00
  575.44| 7.361E+00
  584.34| 7.038E+00
  593.38| 6.725E+00
  602.56| 6.425E+00
  611.88| 6.142E+00
  621.35| 5.875E+00
  630.96| 5.613E+00
  640.72| 5.372E+00
  650.63| 5.142E+00
  660.69| 4.922E+00
  670.91| 4.710E+00
  681.29| 4.520E+00
  691.83| 4.333E+00
  702.53| 4.156E+00
  713.40| 3.988E+00
  724.44| 3.814E+00
  735.64| 3.642E+00
  747.02| 3.476E+00
  758.58| 3.313E+00
  770.31| 3.156E+00
  782.23| 3.015E+00
  794.33| 2.877E+00
  806.62| 2.745E+00
  819.09| 2.622E+00
  831.76| 2.508E+00
  844.63| 2.401E+00
  857.70| 2.300E+00
  870.96| 2.204E+00
  884.44| 2.115E+00
  898.12| 2.030E+00
  912.01| 1.944E+00
  926.12| 1.857E+00
  940.44| 1.772E+00
  954.99| 1.694E+00
  969.77| 1.622E+00
  984.77| 1.553E+00
